URS00000BA5EB_666


984	865	846	815	813	657	124	122	117	98	39	33	31
986	847	826	812	808	649	149	144	136	100	61	44	30
986	842	822	802	798	632	158	131	129	118	59	46	30
987	862	837	836	836	682	132	127	127	97	54	45	24
981	840	840	832	829	650	135	133	125	95	50	43	30
984	858	843	838	835	670	133	127	115	86	52	49	24
987	843	826	805	803	649	153	146	130	109	48	44	31
989	850	848	847	846	662	143	128	119	90	66	53	22
986	856	829	825	816	651	151	137	126	97	54	39	27
990	840	832	819	815	662	137	135	134	102	47	47	28
990	854	839	817	812	624	143	136	130	114	46	46	28
991	861	832	832	813	673	149	140	118	92	44	38	31
988	848	845	824	823	654	140	133	128	99	51	48	29
989	850	806	798	792	637	165	153	126	111	52	43	35
991	872	845	838	833	685	129	123	111	94	45	39	25
988	857	846	840	832	682	134	133	121	81	50	47	33
987	848	841	815	811	675	140	135	129	111	48	41	32
986	830	827	825	819	626	154	139	137	104	67	46	26
985	861	825	822	820	665	153	148	125	99	48	40	31
988	851	846	826	824	643	132	127	126	90	58	51	28
994	857	840	816	813	641	144	137	130	106	49	42	27
988	843	829	809	806	613	138	136	134	103	52	51	32
992	861	845	845	845	642	137	122	119	87	54	49	25
988	853	846	828	822	655	127	124	118	79	52	39	25
989	852	850	820	819	636	137	125	119	107	53	51	30
990	853	845	842	837	660	136	129	126	99	55	48	36
989	853	836	835	834	652	138	132	123	90	50	36	22
991	850	833	827	825	627	151	129	115	85	55	45	27
987	844	842	795	794	649	142	141	132	112	49	44	34
982	864	843	823	817	646	126	117	115	90	51	38	26
987	852	840	829	827	646	136	134	126	96	59	52	29
989	835	832	831	824	655	152	144	137	85	67	45	27
986	869	847	838	836	671	128	119	115	84	45	34	24
981	835	834	788	781	640	145	143	133	116	60	53	39
990	841	837	835	819	652	151	135	128	94	52	51	34
984	867	829	825	824	676	142	139	112	92	44	40	33
991	865	855	839	835	643	122	121	120	89	51	35	23
990	842	822	814	808	648	146	141	141	103	55	51	30
987	857	842	824	822	655	140	120	112	102	58	52	32
985	831	825	801	797	635	151	145	140	107	53	51	31
985	857	854	837	837	656	127	119	116	88	46	45	34
992	864	836	829	823	640	146	107	101	94	58	48	25
992	851	834	819	812	633	142	137	125	113	44	38	27
992	853	834	830	828	667	143	134	131	99	58	46	33
988	861	841	832	832	641	139	125	120	90	55	51	26
987	866	839	824	820	653	131	130	111	97	50	32	27
984	879	850	841	832	704	122	116	104	82	44	36	28
986	839	831	825	825	633	147	133	127	91	53	51	30
987	849	847	823	819	654	131	130	125	97	59	56	28
981	845	819	808	804	658	151	144	133	105	48	40	28
990	852	846	828	826	647	128	125	112	96	54	52	24
993	844	823	822	822	657	151	143	134	97	52	47	27
985	843	833	812	807	634	151	143	141	95	59	38	28
985	831	827	823	822	642	148	137	135	93	55	45	33
986	855	849	817	810	650	129	119	115	100	43	37	24
989	851	829	816	813	665	142	135	128	87	48	37	31
990	842	827	822	816	638	150	145	139	98	54	48	30
986	839	836	831	822	651	145	136	128	87	57	55	31
987	857	849	832	831	634	127	124	120	84	50	38	22
985	854	832	820	816	641	148	145	129	99	46	45	29
983	859	847	826	822	661	126	125	121	103	56	52	22
992	850	846	845	837	645	132	130	125	81	55	42	26
990	844	837	830	829	650	139	137	135	103	55	44	37
982	843	826	810	803	639	148	139	137	102	52	51	31
990	859	847	833	832	646	128	122	120	94	45	43	25
985	842	827	817	814	645	144	144	140	98	48	39	27
986	859	850	827	826	669	130	125	117	92	53	48	22
985	846	824	820	818	645	150	143	139	106	53	46	30
990	859	844	835	830	673	132	127	121	89	44	37	25
993	854	838	837	837	650	143	134	123	90	54	46	27
989	863	851	850	846	637	123	121	116	79	52	39	30
989	837	828	812	808	641	144	138	138	98	50	44	29
990	844	838	822	819	655	135	132	126	107	48	45	31
986	846	834	811	811	642	140	137	134	109	55	44	31
990	866	852	840	838	671	127	113	107	83	53	35	23
987	869	838	835	829	662	141	138	119	90	42	32	32
981	850	840	826	823	646	136	132	127	85	57	50	25
993	861	859	857	852	634	125	124	119	75	55	52	28
984	840	838	836	834	655	141	137	130	77	54	53	34
992	851	829	826	824	642	143	133	128	90	48	44	28
990	866	833	832	820	670	153	148	115	100	43	33	24
983	849	840	823	818	653	130	129	123	106	48	43	31
985	845	844	831	829	638	139	131	126	101	58	55	27
991	844	824	822	816	630	154	147	136	97	46	36	36
989	853	831	826	824	671	147	136	132	85	54	47	30
988	840	839	829	823	607	144	134	124	103	56	50	28
981	838	828	818	816	636	142	137	137	107	60	49	26
987	854	844	814	810	640	132	132	129	99	46	42	30
994	834	822	821	821	636	150	145	136	107	50	44	30
987	867	849	817	813	679	130	124	121	111	53	45	28
991	846	840	808	804	640	138	133	127	105	55	44	31
985	837	833	828	824	644	145	140	134	97	51	44	36
990	826	821	807	804	638	152	149	138	117	61	53	35
990	840	836	814	814	641	139	134	129	101	50	48	35
984	839	837	808	804	643	148	131	130	111	56	50	36
989	848	846	824	818	637	130	126	125	96	58	41	36
982	853	816	812	810	665	144	144	127	101	54	46	29
982	827	817	807	803	630	152	150	146	104	61	45	32
991	855	819	818	816	671	151	139	127	104	51	48	30
986	845	834	832	825	632	143	137	134	100	59	47	22
7.290000	0.851998
URS000057C677_666


995	984	973	971	971	970	549	64	30	26	25	23	17
994	981	971	959	957	952	552	80	35	34	29	27	26
992	977	963	957	952	947	552	73	38	36	36	33	31
992	985	966	964	962	957	536	76	44	34	33	29	28
994	983	961	958	957	956	535	81	44	37	36	35	33
997	985	977	963	960	960	537	83	38	33	23	22	21
992	984	973	961	957	955	508	66	37	29	27	22	21
998	989	973	968	967	964	560	74	32	28	27	27	24
997	983	969	967	964	961	529	72	33	31	31	30	27
991	978	978	960	952	948	533	65	43	39	23	23	21
996	978	970	968	961	959	550	78	34	30	29	25	23
994	984	968	964	963	956	543	61	43	36	36	31	29
996	985	968	956	954	951	528	82	33	32	31	27	24
998	983	967	965	964	961	526	72	35	34	33	32	28
994	985	969	956	956	948	533	79	38	32	31	29	29
993	976	968	968	966	965	527	85	35	31	30	29	28
995	983	966	965	958	957	528	78	43	41	39	30	30
993	979	979	968	966	966	541	69	34	30	29	28	20
995	986	963	958	955	951	527	84	39	38	35	31	31
996	979	966	965	963	962	530	86	35	32	30	29	29
996	982	966	956	953	951	530	63	41	39	33	30	29
995	985	960	955	949	946	522	70	47	40	39	35	34
995	986	978	961	957	950	556	72	33	31	28	22	19
992	990	966	964	958	958	541	67	38	34	34	33	32
996	986	968	965	960	958	521	63	34	33	31	29	29
992	983	974	959	955	951	545	66	37	35	27	23	23
997	989	976	963	963	955	540	62	28	27	24	23	21
994	986	960	959	955	953	549	60	40	39	36	33	31
997	978	970	962	959	953	555	71	37	30	30	26	26
991	976	970	969	958	956	546	78	32	30	26	26	24
995	984	974	962	957	953	540	59	35	32	25	21	19
992	981	964	962	961	954	520	72	37	35	29	29	28
990	981	961	956	945	943	473	58	44	41	38	34	33
995	989	973	968	962	961	542	70	39	34	32	30	23
993	983	976	971	970	970	513	65	28	26	24	23	23
996	983	972	962	959	956	544	63	33	33	28	26	23
996	989	961	952	949	946	516	70	41	39	39	37	37
995	984	960	959	952	948	530	68	41	39	38	35	32
995	986	968	960	956	952	550	77	37	35	32	28	26
991	990	970	963	955	953	519	73	42	34	30	27	27
996	979	973	968	968	965	526	66	33	28	27	26	25
991	987	974	967	965	950	541	66	50	41	39	28	22
997	989	975	965	962	959	527	72	32	28	25	21	21
999	980	971	965	960	958	563	70	34	34	29	26	25
996	983	961	961	961	958	527	63	39	34	32	32	32
996	982	969	968	965	959	535	67	32	32	30	27	27
988	984	961	954	952	949	533	82	48	40	39	38	32
994	979	968	963	960	957	505	79	37	35	31	30	28
992	988	964	957	953	947	522	66	38	36	35	31	28
994	986	976	965	960	956	509	59	30	27	26	24	22
992	977	971	963	958	955	542	73	36	32	30	23	22
996	981	972	970	965	963	531	72	37	30	30	25	24
995	980	969	963	960	959	511	72	32	31	31	29	28
996	979	971	968	965	964	542	63	35	28	28	27	27
997	979	965	962	961	957	509	83	34	33	31	31	31
995	989	979	953	952	946	527	66	39	38	22	21	21
997	983	968	964	960	959	513	76	40	34	33	33	19
994	990	971	967	966	964	523	70	33	30	30	29	23
996	989	973	966	965	954	530	65	46	45	44	27	22
995	983	972	955	954	949	545	70	39	31	28	28	27
997	980	967	967	964	960	527	69	36	32	30	30	26
994	988	969	966	959	957	546	59	39	35	29	28	28
996	989	976	967	960	960	537	72	34	28	24	20	20
992	985	968	963	961	958	558	74	40	33	32	28	26
994	985	970	957	954	947	535	52	36	34	30	27	27
997	983	975	969	967	967	556	85	29	28	25	19	19
993	985	972	971	963	961	542	65	33	29	27	23	22
997	976	965	964	962	962	558	69	38	35	33	31	30
997	986	962	959	958	955	548	75	41	37	36	33	33
996	980	962	961	954	952	555	65	40	39	35	34	34
995	983	968	961	958	958	532	59	33	32	31	29	29
998	984	970	963	960	955	526	74	36	32	30	26	26
995	985	972	965	953	952	557	81	36	33	28	27	27
994	987	968	965	964	961	530	72	36	30	30	27	26
993	982	965	955	952	950	519	73	45	36	35	34	31
995	986	968	967	965	959	563	69	33	33	30	29	26
998	985	965	954	952	948	544	61	42	39	35	33	32
996	988	968	965	961	958	532	72	35	33	31	31	23
994	981	971	962	961	958	539	71	39	33	31	30	23
994	986	974	967	966	963	556	74	34	32	30	26	22
996	982	966	961	961	955	563	69	34	34	33	28	28
1000	982	968	967	965	964	521	67	37	34	34	27	27
995	987	967	964	963	960	528	70	37	34	32	31	24
990	977	972	969	959	959	527	79	34	29	28	21	21
997	982	965	964	961	958	524	66	35	33	32	31	31
996	986	964	962	962	957	533	84	38	34	33	32	32
994	973	972	968	967	962	531	60	38	36	33	29	23
995	983	976	972	967	966	554	73	34	32	30	22	22
994	973	960	953	948	946	505	83	46	40	40	36	36
994	986	970	967	966	963	540	65	30	27	25	25	25
990	982	957	954	949	948	532	77	43	42	38	36	35
992	985	963	959	958	953	516	58	47	41	37	35	31
995	984	968	963	960	959	522	72	38	35	34	33	29
994	984	970	965	960	958	530	70	38	33	30	26	26
993	989	972	965	961	953	534	81	48	42	42	31	25
993	990	974	964	958	956	528	72	37	32	26	25	24
995	983	964	961	956	951	523	84	38	36	32	30	30
996	988	971	964	961	960	543	66	37	36	31	29	22
994	987	971	969	967	966	535	75	34	31	27	26	23
994	992	976	971	966	965	539	87	29	25	24	22	21
8.020000	0.140000
URS00002E08C2_666


1000	1000	947	939	848	66	50	31	25	25	11	8	6
1000	999	954	949	845	50	45	26	23	15	12	8	7
1000	1000	946	946	834	73	47	41	24	18	11	7	5
1000	1000	966	940	826	66	37	31	18	12	12	10	9
1000	1000	956	940	836	57	34	31	24	22	11	10	8
1000	999	961	944	859	71	33	28	25	9	8	7	6
1000	1000	955	951	844	69	36	33	27	16	8	7	5
1000	1000	945	935	844	55	51	35	21	13	10	8	7
1000	1000	959	957	847	53	36	35	19	18	9	9	9
1000	1000	953	944	853	60	49	36	27	20	9	8	7
1000	999	949	941	835	54	45	38	21	18	14	12	7
1000	1000	950	946	841	72	44	37	25	21	9	8	6
1000	1000	934	930	832	64	55	38	22	17	16	12	8
1000	1000	949	941	846	59	49	28	24	17	11	8	7
1000	1000	955	939	834	55	44	42	20	16	10	10	8
1000	1000	950	942	832	54	47	42	24	19	10	8	7
1000	1000	943	930	846	62	58	32	22	17	12	10	10
1000	1000	951	950	853	79	42	32	30	27	10	8	6
1000	999	959	952	835	54	49	43	18	16	6	6	6
1000	999	963	943	846	55	37	35	31	16	10	6	5
1000	1000	956	935	842	57	38	35	23	20	15	11	7
1000	1000	948	943	854	51	48	48	27	20	8	8	7
1000	1000	962	937	838	73	43	34	33	23	10	9	6
1000	999	951	942	842	61	39	37	18	14	13	9	8
1000	1000	954	953	830	62	41	39	22	16	6	6	5
1000	1000	943	940	828	59	56	36	20	17	11	10	10
1000	1000	960	945	827	66	41	38	23	15	10	7	7
1000	1000	949	948	835	65	48	38	24	23	9	9	8
1000	1000	952	934	804	71	53	44	31	20	17	12	7
1000	999	956	944	827	67	49	35	25	22	10	9	8
1000	1000	951	950	837	67	44	36	26	15	8	8	7
1000	1000	946	944	846	70	46	43	24	24	8	8	8
1000	1000	951	947	834	48	46	38	28	17	10	8	8
1000	1000	954	943	834	70	37	34	18	15	14	10	8
1000	1000	945	942	833	57	51	39	34	19	9	9	6
1000	1000	948	933	833	63	48	42	22	17	13	11	11
1000	1000	960	948	831	59	36	32	25	19	13	12	8
1000	1000	966	942	828	58	50	29	18	17	9	8	8
1000	1000	949	944	835	55	44	40	23	19	8	8	7
1000	999	952	942	831	62	47	40	25	18	11	9	8
1000	1000	962	948	871	65	35	29	28	22	7	7	6
1000	999	959	948	836	69	41	29	26	19	15	10	9
1000	1000	957	945	840	81	41	35	32	15	9	8	7
1000	1000	948	945	844	56	49	43	23	22	8	6	5
1000	1000	951	947	839	57	42	33	19	14	9	8	5
1000	1000	950	932	837	68	43	34	23	17	9	8	7
1000	1000	956	955	854	71	41	39	19	19	11	11	8
1000	1000	944	943	825	72	53	42	22	18	9	9	8
1000	1000	954	950	841	63	34	30	28	27	11	9	8
1000	1000	944	941	844	63	49	28	24	23	16	12	10
1000	1000	956	951	858	60	38	34	20	14	9	6	4
1000	999	955	943	852	72	40	35	22	17	12	11	9
1000	1000	951	947	819	70	49	44	27	17	10	9	8
1000	1000	951	943	837	55	49	32	19	16	14	8	6
1000	1000	956	941	850	64	34	32	24	15	15	10	9
1000	1000	951	950	838	62	44	42	25	20	9	6	5
1000	1000	944	942	837	67	54	45	28	16	12	11	8
1000	1000	943	940	823	78	56	37	22	11	10	9	8
1000	1000	956	943	816	67	44	39	24	22	9	9	8
1000	1000	949	949	858	63	44	24	22	21	7	7	7
1000	1000	963	943	858	61	29	27	18	17	12	7	7
1000	1000	955	953	855	64	43	26	21	17	12	6	5
1000	1000	952	945	847	54	41	35	27	22	9	7	6
1000	1000	951	948	863	72	46	34	27	17	7	7	5
1000	1000	949	947	835	61	53	38	26	16	10	8	8
1000	1000	951	951	844	50	44	39	29	14	7	7	7
1000	999	952	938	837	71	45	44	20	19	11	10	6
1000	1000	951	929	836	62	37	34	24	18	18	10	8
1000	1000	950	931	840	63	52	41	24	21	11	6	6
1000	1000	948	934	846	68	43	40	24	13	13	8	8
1000	999	953	947	840	55	46	37	23	21	9	9	6
1000	1000	960	950	865	63	39	38	20	17	9	8	7
1000	999	951	948	850	54	52	47	21	14	7	6	5
1000	1000	954	947	835	50	43	34	25	16	11	9	8
1000	1000	953	938	833	59	40	37	20	12	12	8	7
1000	1000	960	945	838	60	44	35	17	15	11	9	7
1000	1000	952	940	861	67	42	30	19	14	10	8	7
1000	1000	956	943	820	69	50	36	22	19	13	9	7
1000	1000	950	939	829	59	43	33	25	20	11	8	8
1000	999	959	939	836	58	32	32	24	21	9	7	6
1000	1000	948	936	822	71	45	43	27	25	10	7	6
1000	999	939	935	836	68	49	31	30	17	14	10	10
1000	1000	950	937	821	52	41	39	19	14	14	12	11
1000	1000	950	934	838	64	42	41	24	23	12	10	7
1000	1000	950	930	858	73	43	29	21	17	10	10	8
1000	1000	955	936	849	65	43	32	19	18	11	8	6
1000	1000	960	940	852	58	52	34	32	19	9	8	6
1000	1000	955	950	839	56	43	41	21	20	12	9	8
1000	1000	956	955	834	65	48	40	17	15	7	6	6
1000	1000	949	941	841	55	42	33	22	20	14	9	8
1000	1000	947	942	820	69	47	46	18	14	8	8	7
1000	1000	959	941	844	67	46	34	15	13	9	8	8
1000	1000	959	949	856	58	40	38	22	20	8	8	6
1000	1000	947	944	831	63	43	40	24	23	9	8	8
1000	1000	962	933	848	73	37	29	28	27	10	10	8
1000	999	950	947	848	58	44	35	19	16	5	5	5
1000	1000	954	944	854	58	40	31	19	17	8	8	7
1000	1000	950	948	843	63	46	33	30	19	11	7	7
1000	1000	957	949	850	53	39	32	30	28	13	9	7
1000	1000	953	950	833	67	48	41	24	17	11	8	7
6.550000	0.554527
URS00000EF43F_666


1000	996	943	814	140	132	56	53	44	36	27	21	20
999	998	937	820	122	120	63	43	42	35	32	27	17
999	996	929	795	154	150	69	56	44	39	29	25	22
998	995	957	822	125	124	54	50	41	24	22	19	18
1000	999	932	781	147	146	67	58	51	34	34	32	26
1000	998	940	793	138	136	61	59	53	31	28	27	21
1000	998	937	814	132	129	60	58	54	33	28	28	25
1000	994	942	818	121	121	57	56	55	32	26	21	17
1000	997	921	792	140	137	76	58	43	41	35	29	22
998	995	944	806	127	123	56	50	43	30	28	27	22
1000	997	942	794	145	143	61	56	51	29	27	26	21
1000	1000	946	796	152	148	60	53	46	37	22	21	20
999	997	917	779	150	150	80	54	49	41	36	29	25
999	999	952	820	124	121	50	49	47	28	27	26	19
1000	996	936	800	129	129	63	61	50	31	31	28	20
1000	998	957	826	121	120	47	43	43	21	20	19	16
999	997	946	818	131	130	56	53	48	27	26	26	24
999	995	928	788	148	147	70	53	49	37	33	29	19
997	995	940	797	143	137	59	52	51	32	27	26	21
999	997	942	803	139	137	55	54	47	35	23	22	21
1000	997	954	823	130	124	53	46	43	25	23	23	20
1000	999	933	796	137	133	61	61	56	32	31	27	25
998	996	945	817	106	105	59	54	43	35	34	25	21
1000	995	951	803	136	132	52	50	48	25	24	24	24
1000	996	944	797	139	138	59	56	54	28	25	24	23
999	998	929	808	136	133	69	48	40	40	31	27	16
1000	998	921	798	142	141	78	54	51	51	28	27	24
999	999	937	801	139	137	61	52	51	36	27	24	22
999	996	947	798	133	131	60	53	40	31	29	22	21
999	997	951	790	155	153	57	51	47	34	25	21	17
999	999	950	822	120	116	57	50	48	26	25	24	22
1000	996	934	804	119	114	64	58	41	38	32	29	24
999	996	942	813	128	123	61	54	46	29	28	26	20
1000	1000	943	802	138	136	56	53	51	32	26	24	19
999	993	930	781	156	151	74	68	56	36	34	32	20
998	998	939	809	142	140	60	58	45	34	26	24	19
999	996	939	819	140	136	60	58	32	31	30	27	25
999	996	924	801	136	135	72	49	43	34	31	29	22
999	998	927	764	171	168	72	70	51	41	31	30	21
999	995	943	814	137	134	56	50	36	30	29	27	26
1000	999	939	806	133	129	61	58	55	32	28	24	21
997	997	958	813	133	132	52	47	40	23	22	21	19
1000	995	948	816	143	143	58	53	46	30	25	23	21
1000	996	941	807	134	133	63	57	42	32	31	27	25
999	998	939	811	141	137	58	52	44	36	23	22	19
1000	995	944	806	137	136	57	55	47	29	28	27	26
1000	997	943	793	146	143	64	53	49	30	26	24	22
999	996	937	800	138	135	63	59	35	32	31	29	22
997	996	936	809	117	115	62	59	48	35	32	31	30
999	995	939	785	150	147	64	58	51	38	33	25	24
1000	995	943	806	137	134	58	54	52	37	20	19	16
1000	995	945	804	142	139	55	54	42	31	24	23	23
999	999	955	836	118	115	54	46	44	25	18	18	15
1000	996	927	809	138	132	73	55	53	47	29	25	23
998	997	940	792	145	144	63	58	51	34	29	23	21
999	998	942	804	141	141	57	53	51	30	28	27	25
1000	998	927	803	131	131	71	58	57	37	34	30	18
998	997	935	799	130	129	64	46	46	34	29	28	27
1000	999	944	797	137	135	74	60	56	30	30	25	22
1000	999	941	804	133	132	56	50	43	33	29	24	24
1000	999	946	822	136	129	52	52	48	38	19	17	16
1000	993	937	805	141	135	61	54	50	41	27	23	20
1000	995	946	806	139	133	57	50	50	31	23	21	20
999	995	954	815	136	128	56	53	46	25	24	22	22
1000	997	944	823	121	120	54	47	45	32	23	23	20
1000	998	943	832	124	123	57	44	40	35	30	20	20
1000	999	955	809	141	140	60	58	42	24	21	20	19
1000	998	941	811	134	133	58	54	44	28	28	25	21
999	997	940	802	131	128	59	51	49	31	29	27	20
1000	998	950	799	148	140	56	51	49	29	25	24	22
1000	999	949	825	123	118	50	42	41	31	28	24	23
1000	996	929	804	131	128	70	60	46	37	34	30	22
999	999	939	803	134	132	62	61	54	34	28	27	18
1000	997	933	798	131	128	62	56	54	34	33	32	18
1000	999	940	819	126	123	60	51	51	33	29	29	26
998	997	931	794	129	127	66	64	49	37	30	27	25
1000	997	945	808	134	127	59	53	51	33	21	20	19
998	995	941	790	149	144	64	60	58	36	25	23	22
1000	1000	943	813	135	130	64	54	53	33	23	22	21
999	996	931	803	130	129	66	53	51	40	38	29	28
999	998	951	819	138	133	50	50	44	31	21	20	16
1000	998	938	808	137	132	59	52	47	39	28	22	21
999	996	941	788	144	141	57	54	49	28	28	28	26
1000	999	946	813	143	138	58	51	51	31	28	21	19
999	997	946	815	128	125	54	53	47	29	25	24	20
999	998	939	814	134	129	58	48	41	33	27	25	23
998	997	936	792	139	135	71	64	62	33	31	27	25
1000	1000	943	795	148	147	56	53	41	38	20	19	18
1000	994	940	809	140	138	58	57	42	37	30	22	21
999	997	944	819	130	130	54	47	43	29	25	21	16
999	999	948	808	146	144	64	51	50	29	27	22	18
998	996	931	790	139	138	68	59	41	35	34	34	16
999	994	937	800	141	134	61	53	49	34	30	29	23
997	997	944	814	136	135	52	47	47	35	25	23	19
1000	998	940	793	149	146	64	60	54	36	27	25	19
1000	1000	936	799	126	124	61	54	39	33	32	29	22
1000	998	932	793	149	149	66	59	50	47	20	19	18
999	997	931	816	123	117	67	42	38	37	29	29	16
999	999	937	795	152	149	58	53	42	35	28	26	25
1000	998	948	840	113	109	51	43	42	27	23	22	20
6.060000	0.237487
URS000055D276_666


1000	972	940	762	479	306	43	40	39	37	27	20	19
1000	969	918	713	457	307	59	56	37	32	32	26	24
1000	972	930	736	493	299	55	45	40	33	28	24	20
1000	980	949	737	455	345	44	36	33	31	21	15	15
1000	975	932	727	478	310	46	43	39	32	28	24	20
1000	967	927	739	476	296	50	42	41	40	33	22	17
1000	977	936	742	465	329	45	41	40	28	28	21	15
1000	974	927	727	463	325	49	44	42	31	25	21	19
1000	984	939	730	464	321	45	37	37	35	27	27	18
1000	984	940	756	455	309	43	36	30	30	19	18	18
1000	980	933	766	506	283	47	45	43	30	29	21	21
1000	973	932	758	483	290	49	37	36	35	31	20	18
1000	977	947	716	480	317	47	43	41	29	24	20	20
1000	976	934	747	494	295	53	44	36	31	27	21	16
999	980	949	741	492	315	45	40	35	31	20	18	16
1000	977	938	736	474	320	53	45	38	31	28	24	18
999	976	936	750	492	287	44	38	38	32	28	28	18
1000	982	934	747	464	316	46	41	35	24	20	20	18
1000	980	934	757	477	297	43	39	36	26	24	20	18
1000	975	920	748	500	274	55	48	45	33	28	23	20
999	980	949	734	476	321	39	36	33	32	22	19	18
1000	974	933	741	470	312	51	44	43	43	27	22	17
1000	975	942	718	473	310	53	47	44	38	27	23	22
1000	977	934	721	462	325	48	47	39	25	24	16	15
1000	975	936	733	471	323	48	42	42	30	26	23	20
1000	984	936	769	502	278	41	36	34	34	23	18	17
999	975	939	739	480	304	45	41	31	30	24	21	19
1000	986	930	755	480	296	51	49	43	34	20	19	15
1000	978	936	712	451	341	49	42	35	30	27	21	20
1000	966	931	732	465	309	49	42	34	33	30	25	21
1000	979	927	744	467	308	49	44	32	30	20	18	18
1000	974	935	730	467	322	49	43	39	37	28	21	19
1000	979	932	722	448	324	45	37	34	31	24	17	17
1000	974	928	749	475	293	53	42	33	29	28	20	15
1000	973	922	722	457	314	53	42	34	32	32	19	18
1000	980	940	750	496	300	49	41	35	34	28	21	20
999	967	920	706	459	330	58	55	48	38	30	21	21
999	974	935	749	455	301	46	44	40	31	26	21	20
1000	976	936	711	442	334	46	39	38	25	24	23	19
1000	970	939	738	483	309	44	41	34	29	28	23	22
1000	972	931	727	462	306	52	50	47	35	26	22	19
1000	976	933	747	479	305	49	45	43	34	25	20	19
1000	981	925	728	472	314	50	47	35	26	25	24	15
1000	976	929	741	481	303	48	45	39	27	27	23	18
1000	975	942	756	502	287	43	37	35	29	25	22	18
1000	971	937	721	467	326	50	47	38	25	24	22	20
1000	974	937	742	456	326	43	42	37	34	23	23	22
1000	975	936	752	484	298	53	45	39	35	28	26	24
1000	975	932	726	472	315	47	45	36	30	24	23	19
1000	983	944	751	475	322	34	34	29	27	23	20	14
1000	974	934	745	487	296	49	43	42	32	28	23	22
1000	974	924	742	493	300	55	53	34	30	30	21	19
1000	978	934	757	479	273	52	47	42	28	22	18	18
1000	977	941	736	472	309	45	43	34	32	23	21	15
1000	975	931	738	473	307	50	49	45	31	29	21	19
1000	974	936	747	483	298	50	43	38	29	26	18	18
1000	977	939	730	451	334	47	44	42	40	26	18	17
1000	981	946	764	507	291	37	37	33	28	19	15	15
1000	974	923	719	476	296	61	52	49	36	26	19	16
1000	984	953	757	470	312	48	31	29	28	18	17	14
1000	971	934	732	488	304	53	47	39	34	30	22	17
1000	971	935	721	473	321	54	47	36	30	28	23	18
1000	973	935	728	472	323	44	43	41	35	27	26	22
1000	974	936	739	484	302	49	48	35	27	26	22	20
1000	968	929	744	479	301	55	52	48	32	31	18	17
1000	975	930	747	495	305	52	42	41	34	30	26	22
1000	978	927	733	463	301	54	50	45	25	23	18	18
1000	980	938	764	504	277	43	42	39	32	23	22	16
1000	967	926	728	455	318	57	44	42	35	32	22	21
1000	974	922	753	481	285	54	52	36	36	30	25	21
1000	974	923	734	441	328	54	46	44	38	27	26	18
1000	985	944	764	506	290	38	33	32	27	26	19	15
1000	976	926	731	483	288	54	47	32	29	28	22	17
999	979	923	733	479	307	52	47	43	40	24	23	20
1000	983	944	735	470	315	45	39	37	29	24	23	17
1000	975	937	746	487	305	45	40	38	30	24	23	22
1000	976	933	728	473	310	51	49	42	30	28	22	18
1000	976	935	753	482	303	50	47	41	24	23	23	20
999	975	929	735	484	309	44	44	35	26	24	20	19
1000	975	944	724	469	333	40	38	34	29	26	25	19
1000	970	932	732	481	301	52	41	40	34	26	19	18
1000	979	936	762	487	300	53	46	40	36	23	22	16
1000	975	940	741	491	305	43	40	34	30	25	18	17
1000	978	916	750	501	275	49	39	38	33	26	22	21
1000	975	926	719	473	313	53	46	38	26	24	22	21
1000	966	926	734	484	305	58	49	32	32	30	29	23
1000	969	934	735	493	288	53	48	44	33	33	32	24
1000	980	940	751	494	288	49	47	44	40	24	20	19
1000	975	931	732	471	306	47	40	28	26	25	25	18
1000	970	932	759	477	295	47	41	38	29	29	22	17
1000	979	937	749	483	290	40	38	34	32	23	22	16
1000	977	936	744	469	305	40	40	37	36	30	22	17
1000	976	928	732	483	308	51	50	42	37	25	24	17
1000	968	917	734	460	299	63	53	45	37	31	21	21
1000	976	940	761	501	280	45	36	33	26	26	26	24
1000	981	935	769	493	292	43	37	33	28	26	20	17
1000	971	920	721	483	314	53	50	40	38	33	23	17
1000	980	947	752	502	304	39	34	31	29	24	22	19
1000	978	942	735	461	319	45	40	37	32	24	20	19
1000	981	943	743	478	314	44	40	37	30	24	21	19
6.000000	0.000000
URS0000500260_666


1000	1000	998	998	582	55	27	4	4	3	3	2	2
1000	1000	1000	999	548	70	20	7	6	5	2	1	1
1000	1000	999	997	568	71	30	11	4	4	3	2	1
1000	999	997	994	547	58	28	11	6	5	4	2	2
1000	1000	999	998	588	62	25	11	4	2	2	1	1
1000	999	999	997	580	72	29	7	5	4	3	2	2
1000	1000	999	996	534	73	27	9	8	6	6	2	2
1000	1000	998	994	570	66	19	9	8	4	3	3	3
1000	999	999	994	551	67	30	7	7	5	4	4	3
1000	1000	999	998	572	68	26	6	5	4	3	1	1
1000	1000	997	996	530	50	32	7	6	6	3	2	1
1000	1000	996	994	534	59	28	13	6	3	2	2	2
1000	1000	999	998	531	65	22	8	4	3	2	2	1
1000	1000	998	998	558	62	19	6	5	4	3	3	2
1000	999	998	997	586	52	39	9	6	4	3	2	1
1000	999	996	996	543	67	23	9	7	7	3	2	1
1000	1000	999	999	560	67	25	6	4	4	1	1	1
1000	1000	998	995	577	65	28	9	5	4	3	2	2
1000	1000	998	997	571	50	27	7	4	4	4	3	3
1000	999	999	997	537	93	27	7	2	2	1	1	1
1000	1000	995	990	560	55	21	6	5	5	4	3	2
1000	999	997	997	549	49	31	9	6	5	4	3	2
1000	1000	998	993	559	63	19	6	5	5	4	2	2
1000	1000	999	998	544	52	38	6	5	4	2	1	1
1000	1000	997	995	560	47	33	5	5	5	4	4	2
1000	1000	997	997	542	69	28	8	6	4	3	3	3
1000	1000	997	996	542	79	34	6	5	3	3	2	2
1000	1000	998	995	538	63	22	6	5	4	3	3	3
1000	1000	999	995	560	70	37	9	7	6	3	2	2
1000	999	997	995	568	55	19	8	7	3	3	2	2
1000	1000	997	997	553	61	25	7	6	6	3	3	2
1000	999	998	997	598	62	34	12	8	7	1	1	1
1000	999	999	996	527	78	27	8	7	4	4	3	2
1000	1000	998	994	607	70	25	6	5	4	3	2	2
1000	999	997	996	550	64	25	9	7	6	3	2	2
1000	1000	996	994	580	63	19	6	6	5	4	3	2
1000	999	999	997	561	60	28	5	5	4	3	2	2
1000	1000	998	992	556	59	21	6	6	5	4	2	2
1000	1000	998	996	537	70	25	9	8	7	3	2	2
1000	1000	999	995	534	67	16	8	6	4	3	3	3
1000	1000	999	997	544	53	38	9	6	6	3	2	2
1000	999	998	997	559	74	29	9	5	4	3	2	1
1000	1000	997	997	570	68	16	10	7	6	2	2	1
1000	1000	999	997	548	74	26	6	5	5	4	3	1
1000	1000	1000	998	587	58	22	9	8	5	3	2	1
1000	1000	999	997	511	56	32	7	5	3	3	2	2
1000	1000	997	996	558	50	25	8	7	5	3	2	2
1000	1000	996	996	575	53	36	11	8	7	4	3	2
1000	1000	996	994	552	56	23	8	4	3	3	2	2
1000	1000	996	994	554	84	25	10	6	5	4	3	2
1000	1000	999	998	551	67	36	7	5	4	2	1	1
1000	1000	1000	997	547	67	23	5	5	4	2	2	1
1000	1000	998	997	547	61	31	9	7	5	3	3	2
1000	1000	999	993	575	56	27	6	4	4	4	4	3
1000	1000	1000	1000	568	88	27	7	6	6	3	3	1
1000	999	997	996	542	63	30	5	5	4	3	2	2
1000	998	998	996	565	50	34	9	7	6	4	2	2
1000	999	998	994	568	61	19	10	7	5	4	2	2
1000	1000	997	996	580	49	21	8	7	5	3	3	2
1000	1000	999	998	571	65	29	8	5	5	2	2	2
1000	1000	1000	998	573	67	18	8	6	6	4	2	1
1000	1000	997	997	573	65	26	5	5	3	3	2	2
1000	1000	997	996	571	62	25	5	3	2	2	2	2
1000	1000	998	997	554	79	22	7	6	5	2	2	2
1000	1000	999	997	565	66	25	10	5	3	2	2	1
1000	1000	999	995	545	50	33	5	3	3	3	2	2
1000	999	998	997	566	54	22	5	5	3	3	1	1
1000	1000	998	997	553	57	32	11	11	4	4	2	2
1000	1000	998	998	559	55	28	8	4	4	3	2	1
1000	1000	995	995	557	74	23	10	5	5	4	3	3
1000	1000	999	998	549	65	15	6	5	4	4	2	1
1000	1000	997	995	553	57	24	3	3	2	2	2	1
1000	1000	996	996	560	62	28	10	6	3	2	1	1
1000	1000	997	996	572	69	34	8	6	5	3	2	1
1000	999	998	994	528	61	28	10	7	6	3	2	1
1000	1000	998	996	547	64	25	8	5	4	2	2	1
1000	1000	1000	999	521	57	24	9	8	4	4	3	1
1000	1000	1000	995	545	77	22	10	9	5	4	2	1
1000	1000	999	995	585	61	24	10	7	4	3	2	2
1000	1000	999	998	551	64	30	10	7	6	3	2	2
1000	1000	999	997	547	63	27	4	4	3	3	2	2
1000	1000	997	996	566	63	34	12	7	5	4	3	2
1000	1000	998	994	557	61	22	10	8	2	2	2	2
1000	998	995	992	565	59	26	10	5	4	4	2	2
1000	1000	998	997	537	52	33	10	5	4	3	3	2
1000	1000	996	993	558	53	38	11	8	4	3	3	3
1000	1000	998	995	562	55	26	10	10	7	3	2	1
1000	1000	999	996	565	75	29	11	5	3	3	2	1
1000	999	995	994	560	65	26	5	5	4	4	4	3
1000	1000	999	995	549	71	16	5	4	4	3	2	2
1000	1000	996	995	556	64	30	10	7	4	2	2	2
1000	1000	998	998	542	70	21	4	4	4	3	3	2
1000	1000	998	997	570	52	22	7	4	3	2	1	1
1000	1000	999	997	544	68	24	7	6	5	2	2	2
1000	1000	998	997	540	63	24	9	6	4	3	2	2
1000	1000	1000	997	572	63	22	5	4	3	3	1	1
1000	1000	997	997	586	52	29	8	6	4	3	2	2
1000	1000	995	995	568	68	25	8	8	5	4	3	3
1000	1000	997	993	552	66	28	10	8	7	4	2	2
1000	1000	996	994	554	83	33	11	10	7	5	4	3
6.040000	0.195959
URS0000505E98_666


1000	836	766	711	632	436	316	132	130	124	118	117	111
1000	859	793	744	652	404	321	140	140	139	110	104	93
1000	863	801	739	678	397	332	156	140	126	118	109	109
1000	858	802	749	691	378	327	162	138	138	123	114	102
1000	857	787	719	656	398	322	158	135	133	124	108	96
1000	876	810	739	671	408	336	144	140	121	107	99	98
1000	836	788	725	639	424	311	145	140	130	130	116	110
1000	838	793	728	661	403	325	155	136	133	125	112	103
1000	865	780	727	659	408	335	139	129	124	122	119	104
1000	846	786	728	656	412	328	148	142	127	123	110	109
1000	849	778	721	635	443	296	133	127	126	118	116	100
1000	865	781	723	645	439	303	154	130	120	118	111	104
1000	858	793	731	668	401	332	148	137	137	116	105	101
1000	842	769	707	651	409	346	130	128	127	125	114	110
1000	865	794	737	646	422	299	150	145	143	109	109	100
1000	857	785	744	647	417	342	125	124	119	110	108	98
1000	846	785	730	650	416	328	147	136	129	122	111	110
1000	861	791	747	660	404	298	169	155	147	103	103	98
1000	851	775	720	644	422	318	132	132	121	119	118	113
1000	875	777	725	659	410	337	140	140	131	126	124	102
1000	861	789	725	641	422	310	141	131	130	121	110	108
1000	853	776	730	646	442	308	146	142	128	125	119	114
1000	860	771	713	654	413	314	154	146	135	131	126	115
1000	857	803	738	662	400	329	159	142	126	123	108	107
1000	862	791	742	661	405	318	151	140	140	110	103	98
1000	856	788	733	650	411	319	151	134	125	116	108	97
1000	876	822	760	680	397	348	168	129	115	102	89	85
1000	877	802	746	682	368	336	167	151	150	113	103	102
1000	850	789	728	674	406	330	160	147	126	125	119	112
1000	866	787	733	638	419	315	158	142	131	114	113	107
1000	853	787	723	659	413	338	126	125	120	119	114	113
1000	860	803	746	672	393	336	147	129	126	113	97	93
1000	865	785	727	670	391	334	169	125	125	110	107	102
1000	857	784	727	644	427	322	149	138	125	117	107	104
1000	867	793	740	655	425	319	131	129	128	116	114	113
1000	867	791	742	666	397	333	148	130	118	115	109	107
1000	874	791	736	653	418	312	148	144	132	116	106	103
1000	864	790	727	666	394	333	156	134	132	126	111	109
1000	873	795	746	687	395	327	162	159	131	126	120	102
1000	869	788	725	635	429	334	147	131	123	118	111	108
1000	859	785	730	660	405	336	138	132	121	119	117	112
1000	868	809	750	675	393	333	160	146	146	109	104	95
1000	862	795	746	651	398	347	151	148	115	112	111	101
1000	854	776	709	651	416	319	146	134	125	122	118	115
1000	856	782	728	654	419	311	134	133	123	118	114	108
1000	845	764	709	633	440	299	148	128	126	124	123	115
1000	857	799	737	667	399	346	151	150	122	112	106	99
1000	864	790	732	656	414	351	132	128	121	118	108	104
1000	874	813	757	699	376	333	152	143	142	101	101	92
1000	847	777	730	644	427	303	132	130	127	122	118	109
1000	859	777	716	640	445	310	130	122	120	119	117	115
1000	864	787	741	647	442	302	149	141	135	114	111	106
1000	841	795	747	663	413	311	141	134	129	123	111	98
1000	860	794	724	666	414	320	153	147	138	116	109	108
1000	869	800	738	659	417	331	141	121	114	110	105	105
1000	856	794	744	673	401	340	150	142	118	113	105	105
1000	874	798	756	665	391	346	147	145	134	118	114	109
1000	858	790	731	654	412	319	155	135	130	121	111	95
1000	841	789	726	663	407	316	144	135	129	126	112	111
1000	850	773	711	645	420	334	136	132	128	125	116	100
1000	862	795	746	680	382	329	157	147	140	115	113	110
1000	867	778	724	635	419	315	150	131	129	124	110	98
1000	867	801	734	665	419	323	149	132	121	113	106	89
1000	847	771	714	630	424	342	135	134	118	114	108	108
1000	860	788	734	669	399	322	148	130	125	123	117	101
999	862	795	749	664	400	351	144	131	124	111	108	97
1000	864	802	746	677	385	324	159	143	135	111	107	88
1000	851	785	714	647	420	307	150	148	136	120	120	112
1000	850	777	717	656	404	322	157	137	128	122	121	109
1000	859	783	731	654	427	322	140	130	121	118	114	112
1000	852	780	715	656	405	319	147	131	125	120	115	108
1000	868	808	753	665	415	341	136	129	115	110	110	94
1000	873	798	750	646	438	318	143	137	115	109	106	94
1000	863	796	737	669	394	334	139	132	121	120	115	113
1000	854	775	718	645	409	356	131	125	121	120	111	111
1000	869	787	730	656	422	322	146	131	127	121	121	115
999	862	803	749	671	412	321	145	136	125	109	109	91
1000	861	796	735	654	420	316	151	140	116	112	107	100
1000	856	797	738	670	415	326	142	140	120	112	99	93
1000	843	767	699	638	411	324	138	129	126	124	121	111
1000	878	780	737	658	395	333	153	149	131	122	110	101
1000	876	783	733	650	417	331	139	130	123	118	111	95
1000	871	813	748	684	392	327	158	149	141	110	101	98
1000	862	782	735	648	400	311	175	145	132	109	108	95
1000	857	797	734	674	420	336	134	128	123	113	111	104
1000	877	791	741	648	418	331	146	132	117	117	108	100
1000	875	782	745	649	433	322	133	127	125	117	108	96
1000	868	819	754	681	384	336	162	144	134	114	110	101
1000	861	782	731	633	435	304	149	137	127	119	113	110
1000	869	805	740	689	383	319	165	153	139	104	100	99
1000	832	749	695	613	452	303	147	133	130	130	128	117
1000	876	792	739	639	421	298	140	138	132	112	108	101
1000	849	771	723	640	424	324	133	132	130	122	122	117
1000	852	782	723	654	403	328	162	150	131	118	114	109
1000	852	801	728	666	414	334	147	145	127	122	105	104
1000	845	798	740	666	397	344	146	130	119	112	101	99
1000	845	772	722	648	411	313	151	140	137	124	122	117
1000	865	783	726	663	390	340	158	136	114	114	108	108
1000	881	805	754	664	406	332	148	148	144	114	112	97
1000	860	775	737	652	413	340	141	123	120	117	115	113
7.000000	0.000000
URS00002E1ECE_666


1000	921	836	475	437	424	377	337	101	85	85	76	60
999	920	845	497	456	422	408	314	85	75	74	70	67
1000	911	837	512	462	423	418	330	85	71	67	67	62
1000	916	830	501	438	408	383	325	102	86	85	80	65
999	910	835	502	442	420	394	309	86	76	75	74	67
1000	934	851	507	448	406	405	320	100	85	83	68	60
1000	928	846	516	451	412	395	301	92	86	86	79	71
1000	924	843	485	436	420	380	345	98	80	80	70	60
1000	912	838	487	443	420	369	337	93	72	71	71	64
999	914	815	459	445	402	365	332	107	94	94	87	71
1000	930	843	502	445	410	383	299	96	88	87	75	63
1000	920	835	476	436	414	365	321	102	88	84	80	71
1000	934	853	516	458	422	398	312	90	83	81	74	63
1000	925	839	499	434	413	379	324	99	88	87	77	66
1000	916	831	514	435	394	382	300	103	89	86	73	65
998	896	804	473	439	409	372	336	106	89	88	88	79
998	936	853	472	445	414	386	335	94	83	82	71	71
999	917	828	507	448	404	394	314	98	90	89	83	74
1000	909	822	484	426	421	364	316	100	87	86	81	77
998	906	833	486	439	432	401	331	89	77	77	76	65
1000	914	842	497	430	417	377	333	82	74	73	72	70
999	904	804	479	424	421	379	321	112	97	97	92	81
998	928	844	505	446	412	406	320	93	81	81	75	73
1000	920	832	500	441	412	393	325	100	86	86	71	68
999	923	837	483	428	413	371	331	101	91	87	76	64
998	917	840	515	462	405	405	297	96	77	76	67	61
1000	921	847	474	447	428	385	355	91	76	76	66	64
1000	932	866	499	445	434	411	328	70	67	66	65	62
998	920	838	519	457	408	394	286	96	84	82	68	65
999	920	834	472	439	414	385	343	98	86	85	72	64
1000	905	824	481	435	433	387	333	91	83	81	81	73
999	915	827	497	449	408	402	318	103	91	90	83	70
999	914	821	495	435	408	386	300	106	93	92	83	66
1000	902	832	517	442	411	399	306	85	81	71	70	67
1000	903	802	492	429	407	389	314	121	101	99	87	75
1000	932	858	512	446	408	394	303	91	76	74	70	58
999	924	843	501	447	419	403	310	90	79	79	65	63
999	928	840	487	447	423	397	323	99	86	86	75	60
998	921	832	477	432	424	395	336	95	89	89	76	72
999	928	852	517	454	406	397	305	90	77	76	65	57
999	901	794	492	436	394	383	307	122	109	109	95	80
999	918	828	499	440	415	387	313	100	87	86	73	66
999	914	835	515	449	402	398	315	92	79	78	72	71
999	927	842	495	436	420	363	317	96	84	83	69	63
999	919	856	489	446	430	391	333	78	69	62	61	60
998	910	821	488	441	420	392	337	102	90	89	76	71
999	928	835	497	438	406	395	317	100	93	90	84	78
1000	915	827	488	428	423	373	314	102	84	83	81	65
1000	912	820	499	432	414	393	312	106	86	86	75	68
999	920	837	496	434	418	386	327	95	82	81	72	64
1000	921	840	491	433	424	391	327	95	81	80	72	62
1000	909	823	495	431	412	379	314	100	88	88	78	72
999	918	829	476	432	417	377	344	105	90	90	77	69
999	922	828	472	438	417	382	363	100	89	88	78	67
998	916	841	499	429	421	379	326	90	77	77	74	66
1000	922	832	493	436	415	384	316	107	89	89	78	60
1000	898	800	479	428	417	379	310	104	93	93	87	86
1000	903	813	483	425	405	362	325	106	91	90	84	78
999	911	820	505	446	405	402	301	103	88	88	82	72
1000	933	862	519	460	413	406	314	78	73	68	66	58
1000	904	834	527	475	424	402	318	85	79	69	69	60
997	912	839	481	440	428	391	365	89	75	74	70	68
999	916	849	478	453	420	382	346	79	69	66	66	61
999	906	805	488	421	408	371	304	118	100	99	93	73
1000	906	808	451	450	391	357	350	109	95	94	77	74
998	927	847	491	433	425	386	319	90	82	80	72	60
1000	911	827	482	428	413	379	335	101	85	84	73	71
998	929	846	526	459	429	384	280	104	87	84	77	66
1000	933	859	529	469	430	393	307	85	76	76	71	64
1000	936	852	523	466	414	391	313	95	83	82	71	57
999	926	829	511	458	403	392	310	106	93	92	84	60
1000	901	812	462	448	392	347	331	103	89	88	80	79
1000	928	821	482	427	414	383	335	116	103	103	93	65
1000	932	845	469	442	424	381	330	97	87	86	75	67
1000	900	816	501	434	406	389	326	110	88	88	75	73
999	901	826	496	432	422	394	317	86	80	72	72	65
1000	933	848	498	427	419	386	325	91	82	81	72	69
999	933	848	504	431	412	383	315	95	82	81	80	73
998	901	822	495	426	420	374	322	100	81	81	73	71
999	907	840	490	443	438	401	333	83	73	66	65	65
1000	916	825	487	428	420	386	332	101	90	89	77	69
1000	910	831	507	443	413	411	321	97	80	78	71	67
999	917	824	500	428	411	376	303	108	93	93	84	65
999	909	828	503	428	415	384	301	100	82	81	72	69
999	922	826	491	436	412	398	320	109	95	95	82	66
999	922	839	497	444	418	394	319	97	83	82	77	62
1000	923	831	477	427	411	376	341	108	94	91	81	72
1000	908	837	496	435	432	388	334	84	76	71	70	68
999	931	838	474	431	415	363	310	102	93	92	78	71
1000	927	842	500	441	419	405	317	89	79	78	75	66
1000	902	832	513	446	416	405	328	84	82	71	70	59
999	918	845	490	436	433	394	334	80	72	71	70	69
999	913	835	485	435	430	382	338	87	78	76	72	66
1000	923	837	500	442	415	395	316	96	84	83	76	66
999	914	834	499	442	416	380	306	91	80	79	71	68
1000	929	847	504	441	416	381	318	94	81	81	69	59
1000	932	857	497	447	424	405	333	82	78	75	75	62
1000	903	840	509	442	427	389	324	82	71	65	65	64
1000	916	842	489	441	434	399	335	78	76	74	72	64
999	905	820	486	430	427	389	327	97	81	81	78	72
8.000000	0.000000
URS00002FAFB3_666


930	719	600	486	363	309	303	297	297	281	258	219	200
947	726	678	556	378	297	289	270	254	253	246	238	212
945	726	631	521	336	335	290	278	271	267	254	221	217
941	708	631	532	333	322	287	276	274	269	262	237	230
945	718	634	523	331	327	287	286	278	272	252	240	221
932	702	633	510	332	310	289	278	277	275	272	234	215
945	714	639	528	331	328	284	276	272	263	259	239	234
948	721	619	522	344	317	298	290	286	262	256	225	216
940	724	648	543	348	319	297	276	265	262	252	243	210
923	716	612	504	339	318	300	288	280	275	253	229	218
941	743	601	490	357	330	307	292	284	282	241	236	195
940	729	640	533	350	333	289	289	280	278	246	244	211
931	740	602	504	356	323	313	300	284	274	230	226	198
937	737	610	499	349	323	307	293	286	256	245	230	200
954	731	624	506	346	333	303	288	283	280	252	242	205
919	730	607	501	351	305	303	292	286	285	247	214	210
937	747	626	526	344	338	300	296	283	266	244	231	196
942	712	638	541	333	322	283	263	263	259	253	237	224
933	741	621	513	344	341	301	288	288	277	238	232	200
944	754	606	508	361	336	304	293	282	254	240	220	196
938	721	629	522	335	315	280	280	272	265	256	212	200
942	745	616	519	347	341	287	274	268	249	239	225	189
947	719	624	510	344	325	303	292	287	273	260	240	230
943	707	649	533	330	318	276	274	265	259	253	239	228
935	744	636	529	360	322	287	274	264	254	253	238	199
939	713	624	517	343	309	295	292	276	273	258	222	210
949	710	648	521	347	324	296	285	271	262	254	238	227
944	722	626	519	335	332	289	279	274	261	257	238	218
931	701	645	554	330	307	266	264	259	248	246	222	222
950	712	658	559	347	311	294	264	262	258	253	250	216
933	713	627	518	336	326	283	282	276	272	255	228	221
937	706	610	489	352	298	295	286	276	273	267	226	207
945	734	618	515	351	331	311	297	286	265	255	236	204
948	732	628	532	343	342	284	272	258	257	248	241	210
936	742	622	527	342	341	273	272	267	266	244	225	200
942	704	619	518	351	306	304	292	275	273	257	226	223
944	742	621	519	346	344	302	293	267	250	237	233	193
934	705	630	535	333	306	284	275	269	263	245	225	219
944	729	643	527	351	331	283	282	275	269	243	242	209
947	729	635	544	349	334	302	288	275	275	243	229	205
929	711	670	551	355	294	294	261	254	247	244	236	217
933	738	620	507	343	337	294	280	277	265	232	230	193
926	713	657	548	344	303	273	264	254	253	249	243	219
929	728	628	520	338	334	296	283	273	261	240	231	203
946	716	648	547	352	316	295	270	266	263	249	243	208
943	717	638	531	331	329	282	278	267	266	264	224	218
922	740	625	518	337	330	300	283	277	266	231	225	195
923	722	618	507	343	328	302	297	294	291	238	226	186
935	713	622	520	346	309	293	282	282	280	262	225	223
942	709	625	515	338	318	290	286	282	269	253	229	221
931	712	628	537	337	316	295	276	264	254	250	226	219
952	699	632	528	340	322	295	282	275	258	246	237	223
935	714	619	512	341	321	294	279	274	273	258	222	219
933	698	636	536	328	313	289	279	275	266	263	235	229
935	724	620	523	347	323	300	286	281	270	245	230	214
946	711	640	514	330	329	294	275	265	261	258	233	219
942	725	632	533	338	333	287	281	269	267	251	243	215
926	746	611	494	347	329	304	298	289	280	231	224	181
935	730	645	522	349	313	293	275	262	254	253	249	207
943	741	644	544	353	329	288	277	273	259	240	236	202
940	725	618	510	344	319	307	295	293	271	245	220	205
944	731	623	530	349	331	288	280	278	272	249	218	211
945	712	627	520	339	313	289	284	283	269	259	225	220
949	741	618	509	346	346	289	279	273	266	251	228	195
930	725	645	535	349	315	306	264	249	245	241	239	209
938	724	637	521	337	325	286	280	271	264	254	252	221
942	697	664	544	344	309	305	269	243	243	236	223	221
952	726	626	534	354	330	299	289	270	257	250	239	219
928	728	610	513	345	313	303	286	284	260	242	229	205
947	725	637	520	343	337	281	281	272	265	258	242	210
939	736	634	523	351	335	299	280	271	267	242	238	208
944	726	612	515	345	324	289	281	274	270	252	220	215
943	738	622	515	345	326	296	289	285	279	243	221	198
939	704	629	508	339	304	298	294	290	273	267	237	212
940	710	639	533	336	316	292	282	279	272	263	227	218
939	702	648	530	331	321	303	283	275	272	267	227	227
939	737	652	550	369	323	277	273	265	261	242	239	198
938	723	612	502	345	320	295	289	283	281	253	213	205
941	724	628	533	342	335	281	279	273	258	256	248	222
934	729	643	531	350	315	276	264	254	252	250	243	216
934	718	626	520	335	322	291	287	283	269	247	228	221
935	715	606	513	353	304	297	295	292	261	252	217	203
924	723	622	525	336	324	298	287	272	271	249	222	221
921	720	612	502	342	309	294	287	283	266	249	214	208
938	766	603	490	362	332	301	288	280	265	230	211	176
935	720	642	535	355	322	280	279	270	255	249	243	207
938	712	646	540	344	320	285	277	272	269	260	241	219
931	721	635	530	331	324	283	277	268	264	253	240	213
938	719	611	508	350	307	293	283	280	278	253	213	205
930	727	620	502	344	329	300	293	283	263	230	209	195
927	732	636	532	345	322	273	263	262	257	250	245	225
935	698	658	542	322	321	275	270	267	259	258	233	229
937	767	614	498	361	348	298	290	275	269	255	210	186
930	690	670	547	347	298	291	275	245	241	236	235	235
928	743	616	510	351	325	309	304	290	252	243	227	187
936	734	614	512	350	330	298	285	283	271	237	221	203
939	733	598	500	363	323	313	300	299	244	242	241	208
955	718	631	511	344	325	286	280	264	262	259	236	217
937	729	626	507	339	337	293	286	282	261	240	237	203
944	730	623	519	345	336	297	289	279	265	240	232	198
11.370000	0.577148
URS000028B091_666


1000	994	531	503	466	463	419	266	156	153	43	35	32
1000	994	550	525	444	441	385	263	150	141	52	49	33
1000	993	524	500	469	466	409	268	152	134	55	53	30
999	997	561	540	431	430	380	267	156	115	46	41	32
1000	987	548	526	436	429	372	251	145	144	48	43	41
1000	998	554	537	441	436	376	253	147	143	54	52	43
1000	994	565	543	427	424	380	272	155	110	58	53	36
1000	989	561	536	426	423	382	255	146	117	58	52	37
1000	993	568	538	427	421	366	255	159	126	39	39	33
998	995	570	545	422	416	373	229	158	137	59	54	40
1000	990	547	528	445	437	385	249	152	143	51	46	29
999	993	553	528	437	436	377	238	143	140	59	52	32
1000	994	570	547	424	422	376	256	147	129	48	43	32
1000	994	562	535	429	428	379	261	155	132	59	59	44
999	997	557	537	438	432	376	259	162	124	51	50	43
1000	993	560	530	431	429	386	257	167	114	42	39	38
1000	991	564	544	427	422	382	263	160	109	59	56	33
999	993	561	532	431	427	372	255	155	117	54	46	35
1000	992	564	546	429	428	393	253	143	112	59	53	42
1000	992	544	525	445	442	400	265	145	130	55	51	48
1000	992	551	533	440	436	390	257	147	124	51	47	39
1000	994	555	533	438	435	393	270	144	121	65	61	40
1000	992	571	550	424	419	357	238	161	139	50	42	41
1000	995	554	538	441	439	391	248	144	136	58	53	41
999	996	580	558	413	411	356	245	172	113	56	52	39
1000	996	566	535	430	427	382	249	149	129	49	46	40
999	989	561	541	433	425	394	269	147	112	63	62	29
1000	992	572	547	421	420	364	234	157	147	54	53	40
1000	996	584	553	414	412	368	257	154	125	65	57	31
998	993	554	526	437	435	395	253	124	123	60	56	36
1000	996	556	539	438	437	394	263	162	118	47	47	44
1000	993	556	526	439	435	384	266	171	119	49	46	40
1000	994	556	530	440	435	386	255	140	140	57	50	32
1000	995	533	516	458	452	397	262	157	135	64	63	38
1000	996	586	560	409	404	363	241	148	113	70	68	39
1000	991	570	543	423	418	376	268	164	106	60	59	33
999	994	568	543	426	425	376	242	142	137	38	35	35
1000	996	571	550	424	420	370	254	153	130	62	60	34
1000	995	570	549	427	423	390	277	163	105	53	51	34
1000	990	556	531	434	433	386	269	133	118	62	60	38
1000	993	548	524	443	439	398	263	142	141	58	57	33
1000	991	554	525	440	439	381	253	138	136	63	59	48
1000	989	551	524	433	432	386	252	153	142	51	50	40
1000	989	540	520	451	449	392	278	139	131	63	57	36
1000	994	553	527	438	438	393	270	149	126	60	60	34
1000	987	558	534	432	428	380	239	142	130	60	59	44
1000	997	567	540	430	423	381	255	155	119	60	58	44
1000	995	565	544	428	423	373	236	142	131	70	69	42
999	992	557	530	435	431	376	260	159	134	59	56	34
1000	996	541	524	454	453	394	265	150	134	47	45	43
1000	991	572	545	423	422	365	254	135	128	58	55	37
1000	993	553	538	438	434	390	248	168	133	54	46	30
1000	995	515	491	480	479	427	300	135	125	57	53	39
1000	995	583	565	411	409	360	251	171	123	55	50	40
1000	996	559	537	436	433	386	274	147	114	49	41	40
1000	988	563	539	429	428	376	245	151	133	43	40	37
1000	994	572	544	421	418	381	267	154	113	51	51	34
1000	991	553	529	441	438	390	272	137	136	68	64	27
1000	994	548	530	445	440	385	248	151	136	51	49	41
1000	994	539	511	451	450	404	270	137	133	52	48	34
1000	994	566	550	426	422	389	255	157	110	66	63	43
999	995	558	531	432	431	384	263	159	123	79	76	35
1000	995	584	569	413	406	367	227	166	123	62	60	44
1000	995	552	529	441	439	393	254	140	129	53	47	32
1000	992	549	529	442	438	377	265	166	132	55	50	42
1000	991	528	504	465	457	405	270	139	138	60	49	39
1000	997	557	539	435	432	384	272	156	129	54	54	29
999	997	554	536	440	439	380	253	137	134	66	61	52
1000	995	557	540	436	431	386	282	137	127	46	44	27
1000	985	575	552	412	407	360	244	152	120	63	62	30
1000	993	573	558	421	416	378	282	159	108	53	51	37
1000	995	554	534	441	434	380	251	127	124	56	54	37
1000	992	583	560	411	408	364	235	166	125	52	48	45
1000	991	563	540	427	423	364	246	162	134	48	44	32
1000	993	582	557	407	405	348	250	178	130	48	45	32
1000	994	552	530	441	437	395	258	158	132	59	55	36
1000	989	564	533	425	423	376	278	143	107	46	44	37
1000	994	576	552	419	418	376	258	158	109	51	50	29
1000	996	554	530	436	430	391	258	149	121	48	48	41
1000	992	576	553	417	415	348	236	144	128	71	62	37
1000	994	558	536	433	431	394	271	139	129	62	54	34
999	988	585	567	400	398	350	236	165	112	54	52	30
1000	990	555	532	444	442	396	267	128	126	69	68	39
1000	990	571	547	419	416	367	253	137	124	56	55	34
1000	988	553	531	433	426	398	279	153	101	54	52	40
1000	989	569	543	419	417	377	255	152	118	66	63	33
1000	992	514	497	480	478	420	293	148	139	47	38	32
999	994	565	538	427	425	369	240	141	131	55	52	33
999	993	570	547	423	421	380	249	177	113	52	49	30
1000	990	584	556	409	406	368	233	173	112	57	54	38
1000	991	574	547	417	413	360	251	157	107	52	46	34
1000	991	561	540	425	423	368	271	151	120	60	59	37
1000	990	531	510	458	455	400	286	147	119	60	50	39
1000	991	558	531	431	430	372	266	147	123	61	50	39
1000	987	543	527	445	438	390	279	147	127	60	57	34
1000	993	526	505	465	462	403	270	156	135	49	48	34
1000	988	554	530	439	435	378	258	143	138	60	57	34
1000	991	560	541	427	426	370	261	145	124	55	52	35
1000	995	538	522	456	454	403	271	137	137	40	38	37
1000	993	558	535	433	430	376	261	157	134	67	63	29
8.000000	0.000000
URS000029E2F5_666


999	998	997	994	993	444	254	187	21	19	14	11	7
999	998	998	998	992	464	274	182	22	18	14	9	8
1000	998	998	997	987	442	282	201	22	13	10	10	9
999	999	999	996	995	453	280	193	15	13	12	9	8
1000	1000	1000	993	993	442	269	199	26	15	14	13	9
1000	999	999	995	993	435	294	194	21	17	14	8	7
1000	999	998	997	995	450	281	205	18	17	14	10	8
999	999	998	994	992	433	277	191	26	19	15	11	8
1000	999	998	995	993	414	252	183	21	18	16	8	8
998	998	998	993	991	459	275	185	23	18	14	11	9
1000	1000	999	997	993	435	281	180	23	20	16	14	9
999	998	998	996	994	405	292	186	14	14	14	11	11
1000	1000	998	996	990	440	271	206	17	16	13	13	9
999	997	997	994	990	439	248	189	26	19	8	8	6
1000	999	998	994	993	442	275	177	24	16	15	11	8
1000	999	998	996	987	445	259	182	23	14	13	12	8
1000	1000	999	995	990	404	278	186	21	20	10	10	6
999	999	998	997	993	438	270	181	23	22	8	7	6
999	999	999	998	995	441	263	201	25	15	14	9	8
1000	999	997	990	989	438	255	207	27	26	13	8	6
1000	1000	999	997	992	454	290	175	24	21	10	10	9
999	999	996	994	993	444	268	185	23	18	15	12	11
1000	1000	999	992	986	419	257	174	19	19	11	11	9
1000	999	998	994	994	432	268	196	14	14	13	11	9
999	999	997	996	992	424	278	217	21	16	9	8	8
1000	1000	1000	994	994	447	259	172	19	13	11	8	8
1000	1000	998	995	993	454	301	179	23	20	16	16	8
1000	998	997	993	986	433	263	176	24	11	6	6	6
999	998	998	993	989	459	277	180	32	18	14	13	10
999	999	998	996	993	433	253	184	22	12	10	10	7
998	998	998	991	988	451	270	183	25	20	12	11	8
998	998	997	996	991	440	254	187	25	18	13	11	9
1000	999	999	991	987	433	269	191	25	17	11	10	9
1000	999	999	997	995	464	273	216	25	19	16	15	12
1000	1000	1000	997	991	460	277	187	25	23	13	7	6
999	999	999	995	994	448	256	211	24	19	12	12	9
1000	999	999	993	987	433	272	187	31	17	11	8	7
1000	1000	997	995	992	441	277	167	23	19	13	11	11
1000	1000	1000	991	985	433	282	168	28	20	14	11	8
999	999	999	996	991	467	286	181	21	17	12	11	9
1000	1000	999	996	993	439	259	206	23	19	15	10	8
1000	1000	999	993	987	451	270	174	21	21	19	12	12
999	999	998	992	988	450	229	184	20	17	10	7	7
999	999	998	994	994	451	277	206	15	15	12	9	7
1000	999	997	996	994	460	259	180	23	16	14	10	9
998	998	998	997	994	422	259	187	27	20	17	16	9
1000	1000	997	996	995	436	264	183	21	21	14	12	12
1000	1000	999	993	992	469	272	200	29	25	16	9	7
1000	997	997	993	987	449	271	216	23	21	16	11	9
1000	999	999	994	991	419	301	182	22	21	21	10	9
1000	999	998	998	995	438	260	177	21	19	15	12	11
1000	1000	999	995	994	432	269	172	24	21	9	8	7
1000	999	998	993	988	460	257	180	26	21	10	8	8
999	998	998	994	991	426	249	189	23	19	18	14	8
999	999	998	995	993	424	245	174	29	26	18	14	9
1000	999	999	999	993	433	280	197	21	16	12	10	10
999	999	998	997	994	461	305	199	28	16	13	13	9
999	998	996	994	993	445	262	215	37	18	16	10	9
1000	999	998	997	995	426	284	167	18	14	12	8	7
1000	999	999	996	993	453	287	183	21	19	15	13	13
999	999	997	990	990	443	255	206	25	24	12	9	8
999	998	998	997	995	456	247	193	25	20	12	10	8
1000	999	999	996	995	455	276	171	26	21	14	13	11
1000	999	998	993	992	477	272	181	23	17	16	9	9
999	999	998	996	986	449	260	175	26	25	16	15	11
998	998	997	995	993	470	266	194	33	18	13	12	11
1000	1000	999	996	987	446	275	191	27	16	9	8	6
1000	999	997	996	995	423	304	162	18	15	15	7	7
1000	1000	1000	995	994	477	266	191	25	13	11	11	7
1000	999	998	996	988	448	257	177	25	24	14	13	10
999	999	998	995	994	444	271	205	26	26	14	10	10
1000	998	997	995	993	445	266	172	18	17	13	8	8
1000	999	998	996	995	456	278	179	28	18	16	12	9
1000	999	998	997	993	435	262	172	24	23	13	10	6
1000	1000	997	995	994	457	279	195	27	21	15	12	8
1000	999	998	992	991	452	262	193	21	17	10	9	6
999	998	998	991	990	447	287	192	22	20	17	11	9
1000	999	998	997	988	462	284	180	25	17	17	16	13
1000	999	997	996	990	442	257	179	23	15	14	14	5
1000	999	999	996	989	438	272	192	28	22	15	9	8
1000	1000	1000	994	994	433	275	189	20	19	17	8	6
1000	1000	999	993	991	434	290	208	29	16	10	10	7
999	999	999	996	988	442	262	194	24	17	12	9	7
1000	999	997	989	984	425	298	190	24	19	19	9	9
999	999	998	995	993	450	265	195	25	20	16	9	9
999	998	998	995	991	449	242	181	30	24	13	11	9
999	999	998	995	994	458	265	190	27	18	13	12	8
999	998	998	997	995	443	260	191	25	18	13	11	8
999	998	997	991	990	491	285	187	21	14	12	10	9
1000	999	999	997	994	467	288	188	28	22	14	9	8
1000	999	999	993	992	441	250	194	16	15	15	14	11
999	999	997	996	994	445	250	210	24	22	9	8	8
998	997	997	992	988	451	256	216	26	23	11	9	9
999	999	997	997	992	459	291	185	23	20	12	11	10
1000	998	998	992	989	418	257	183	24	18	16	10	9
1000	999	998	996	994	459	250	198	18	16	14	12	11
1000	999	997	997	986	447	276	217	25	14	11	10	8
1000	1000	999	994	993	453	303	179	24	13	12	9	9
1000	998	998	993	993	428	296	176	20	20	15	14	8
1000	1000	999	997	990	458	291	190	18	16	8	7	7
8.000000	0.000000
URS00002BD8AE_666


997	572	500	473	458	427	422	387	358	233	138	91	88
995	558	503	479	456	442	437	387	367	211	147	88	83
993	546	494	486	453	447	447	407	397	221	127	92	79
998	581	504	471	462	419	412	374	356	227	139	104	91
998	554	505	473	446	440	437	394	381	217	137	98	79
997	568	491	488	455	432	429	383	379	231	128	91	91
995	536	509	469	464	453	435	406	392	210	127	89	79
995	567	500	478	445	433	432	386	357	211	143	95	94
996	567	494	479	466	433	429	387	351	246	126	83	74
998	552	504	468	448	442	416	381	375	199	132	109	83
995	562	497	488	472	438	435	387	372	204	156	103	78
996	575	503	477	466	425	420	373	373	232	126	108	87
993	552	496	488	448	442	440	390	383	216	140	97	85
994	577	502	469	457	423	419	372	350	204	144	102	92
992	556	501	477	444	442	439	390	371	219	125	96	89
995	568	489	487	447	432	427	381	377	222	138	95	81
995	571	489	483	469	429	420	374	372	243	132	92	75
996	559	508	469	441	439	434	382	380	199	140	111	86
995	570	505	469	468	430	423	388	369	226	149	101	80
997	540	520	460	459	451	449	405	398	204	148	80	77
993	553	500	478	449	446	441	393	390	207	146	90	88
998	598	526	468	455	402	398	358	339	221	165	109	87
994	578	499	478	464	421	419	370	357	213	143	107	92
996	566	495	489	470	434	431	389	366	228	136	97	82
998	568	490	485	455	431	426	384	367	205	155	92	86
992	558	490	485	461	442	438	399	382	228	132	94	74
996	552	505	472	448	444	441	392	378	209	133	102	82
996	563	495	481	457	437	431	389	369	222	138	94	86
995	574	503	482	452	426	422	381	373	234	129	109	81
995	586	514	487	469	413	411	371	353	237	139	104	86
994	615	526	487	442	384	379	338	318	250	136	103	99
995	586	496	482	480	414	411	366	355	237	126	114	86
995	563	506	478	448	436	429	380	374	225	124	93	85
997	603	521	489	451	397	393	353	335	261	133	95	87
994	528	502	486	471	467	430	428	396	207	131	90	82
997	574	488	480	451	426	422	377	369	210	131	100	91
993	530	508	471	469	461	438	412	407	207	120	106	70
998	575	506	469	453	425	422	375	362	207	145	114	98
999	547	504	483	453	447	442	398	388	207	154	88	78
997	582	493	487	483	418	409	370	364	234	142	101	70
993	557	496	489	452	443	436	396	374	204	146	92	86
997	555	501	483	445	443	438	403	387	214	149	90	80
994	590	489	482	478	409	402	359	357	238	140	93	85
995	570	497	480	453	430	421	381	374	218	145	95	90
997	563	498	480	453	437	436	387	382	219	130	97	86
995	585	495	487	486	415	409	369	356	238	139	103	75
998	595	520	481	451	405	401	352	344	225	150	93	87
995	560	504	470	459	440	435	394	360	206	147	96	85
997	549	508	479	451	451	442	389	388	206	133	103	84
996	610	527	483	450	390	385	341	324	254	144	99	93
995	565	504	480	468	434	428	390	376	250	135	87	78
994	587	518	474	464	413	410	370	348	216	156	97	86
996	577	500	482	478	423	416	372	369	225	153	94	80
996	578	521	494	466	422	415	363	350	249	145	84	77
999	565	503	480	465	435	430	388	388	208	157	95	82
995	566	489	483	443	434	429	374	368	221	130	99	91
995	552	489	488	448	444	440	394	390	201	155	85	84
995	559	499	476	451	441	430	382	377	231	129	87	83
995	567	505	476	465	433	428	391	365	215	148	97	79
997	555	519	460	444	438	431	385	381	204	127	104	92
994	560	502	467	440	440	430	388	385	236	123	93	71
995	557	514	467	458	443	437	390	386	225	140	84	79
995	543	511	467	456	455	431	398	395	204	132	93	85
997	614	552	513	432	386	377	332	329	248	155	100	86
994	571	499	486	454	429	423	381	372	228	131	99	97
996	554	495	478	446	441	437	397	380	208	138	98	89
992	565	516	481	469	435	430	389	366	222	145	99	65
995	567	487	485	447	433	430	380	372	216	131	94	88
992	531	512	474	469	461	444	421	399	221	119	92	74
997	578	488	487	450	422	415	369	362	214	137	109	83
996	554	497	479	461	446	442	392	378	231	139	95	71
999	563	498	483	457	437	434	395	381	222	137	91	81
995	579	497	485	460	421	417	372	366	227	145	102	80
992	575	506	481	466	425	418	378	364	218	159	95	82
993	570	500	481	454	430	423	382	376	216	149	97	90
998	598	510	503	484	402	400	359	341	232	153	102	78
992	559	507	483	469	441	437	385	370	218	145	98	78
997	588	516	468	460	411	409	353	344	243	138	96	87
996	571	502	481	464	429	428	380	372	240	131	96	83
993	562	512	467	448	438	427	383	375	225	132	90	82
996	576	497	488	472	424	417	379	375	220	147	108	85
994	526	496	481	473	467	433	420	394	201	143	86	79
999	547	498	487	453	447	431	400	388	223	133	99	83
997	567	496	483	479	433	430	382	367	231	133	111	70
995	582	515	463	458	418	411	358	350	227	132	100	97
996	570	499	481	455	429	423	378	374	241	131	91	87
997	565	495	487	457	435	432	392	374	237	136	88	87
991	577	496	473	460	422	414	368	366	215	136	95	91
996	563	513	476	460	437	434	391	361	237	129	96	88
997	578	508	475	467	421	415	375	357	216	142	117	94
996	578	517	472	464	422	413	363	341	214	152	97	84
998	555	512	468	445	439	437	402	395	224	131	100	80
996	572	501	474	451	427	422	390	357	218	146	107	89
998	557	498	491	473	443	438	380	375	226	146	93	81
998	547	498	482	458	453	448	390	376	235	123	90	76
996	585	494	483	476	415	409	378	358	251	125	90	89
995	582	515	471	467	418	412	371	354	219	137	104	87
996	575	511	474	467	424	419	371	355	226	161	92	82
992	557	491	490	454	443	436	395	358	220	126	100	84
997	583	493	479	471	417	413	367	361	209	139	102	93
9.000000	0.000000
URS000006C8F4_666


1000	999	989	855	705	699	697	297	256	96	59	56	22
1000	1000	989	866	721	713	712	283	235	89	51	49	16
999	998	988	855	730	716	714	277	249	94	53	50	22
1000	1000	991	840	709	708	702	285	269	106	65	59	17
1000	999	990	869	700	697	693	297	248	86	72	56	17
1000	1000	991	872	698	695	695	297	232	81	64	51	18
1000	1000	990	865	704	703	701	294	251	91	52	49	19
1000	1000	987	872	717	717	712	278	228	75	46	39	22
1000	1000	993	851	705	702	688	293	238	93	67	55	26
1000	1000	990	881	705	701	701	292	236	77	72	47	14
1000	1000	993	887	736	733	719	263	240	78	61	41	21
1000	1000	986	858	723	718	711	275	237	94	66	53	17
1000	999	993	866	719	716	701	279	240	87	75	49	28
1000	999	987	859	720	705	704	289	276	96	62	59	23
1000	999	989	866	719	713	703	277	253	90	76	47	20
1000	998	991	848	718	689	688	306	267	103	56	51	28
1000	1000	990	849	713	697	693	298	278	97	68	56	22
1000	1000	991	864	708	706	688	286	238	91	65	53	20
999	999	989	846	728	723	701	268	250	113	77	65	21
1000	1000	989	850	698	675	675	314	220	87	63	58	24
1000	999	990	878	704	700	697	294	230	84	70	49	17
1000	999	988	886	716	714	687	280	238	73	65	54	19
1000	998	988	846	685	685	676	307	251	101	61	56	19
1000	1000	993	857	726	698	696	299	255	104	66	55	18
999	998	987	862	738	736	711	257	227	85	63	48	20
1000	999	985	853	721	695	693	295	250	96	58	54	19
1000	1000	991	850	713	708	703	289	265	101	64	50	15
1000	999	983	859	713	696	692	300	252	84	50	45	21
1000	1000	994	858	731	704	704	295	235	93	51	44	19
1000	998	989	858	719	714	694	277	256	96	59	56	17
999	999	987	865	719	717	713	274	262	85	63	55	29
999	999	985	845	739	733	677	264	255	98	63	60	21
999	999	994	861	724	703	702	293	235	89	60	42	23
999	999	993	851	714	711	695	286	250	98	61	56	27
1000	999	986	853	724	690	687	303	236	87	60	58	15
1000	1000	991	867	713	707	707	288	238	77	63	48	22
1000	999	987	866	722	712	711	282	258	87	67	53	20
1000	1000	989	859	732	714	714	279	246	92	57	47	19
1000	999	991	864	720	719	713	274	229	80	67	49	21
1000	1000	990	864	713	712	697	282	255	83	56	53	24
1000	1000	990	843	715	708	708	286	228	91	61	54	23
1000	999	990	864	689	683	681	313	238	84	56	53	20
999	998	987	858	708	707	704	291	219	88	59	51	28
1000	999	990	859	719	719	713	273	234	88	49	46	24
1000	999	993	852	717	716	708	278	231	89	64	46	24
1000	999	994	879	698	696	689	302	226	85	66	56	23
1000	1000	991	869	721	700	693	295	263	93	60	50	23
1000	1000	984	830	722	708	707	286	269	103	57	49	20
1000	999	983	851	729	728	678	266	253	97	67	61	21
1000	999	988	854	713	706	700	290	234	90	55	51	21
1000	999	989	856	729	723	681	270	228	87	65	55	24
1000	999	994	870	714	714	706	282	257	93	68	57	15
1000	1000	991	870	726	714	710	284	226	89	56	44	19
1000	999	995	862	727	719	717	279	251	97	56	55	15
1000	999	993	851	704	703	700	292	242	92	72	49	24
1000	998	987	851	706	705	703	292	246	106	64	54	19
1000	998	989	859	721	695	694	301	236	96	63	49	22
1000	999	989	874	741	711	708	283	259	81	59	51	26
1000	1000	991	852	711	700	698	298	229	98	59	54	16
1000	1000	994	870	727	716	715	281	249	82	65	50	20
1000	1000	990	855	701	698	691	296	234	100	67	59	26
999	999	995	872	742	731	728	267	250	79	66	44	17
1000	1000	989	856	697	679	678	313	238	99	60	56	22
1000	999	992	862	729	694	689	303	279	86	52	45	20
1000	1000	994	869	732	732	725	264	256	89	73	48	17
1000	998	991	861	713	693	693	299	252	96	59	55	15
1000	999	988	856	707	679	678	316	250	87	74	54	19
1000	999	995	862	745	741	731	253	243	88	68	49	21
1000	999	993	858	726	726	725	270	252	96	65	54	22
1000	1000	988	863	712	692	689	303	236	79	78	46	23
999	999	988	847	724	721	688	270	236	107	63	50	20
1000	998	993	860	714	713	713	282	240	83	59	49	22
1000	1000	993	844	698	697	697	299	254	107	69	61	19
1000	1000	986	852	708	706	692	285	259	97	62	58	20
1000	999	988	872	696	674	674	321	228	80	62	54	26
1000	1000	991	870	724	719	708	269	268	88	76	52	19
999	999	986	857	732	712	710	284	251	94	64	51	15
1000	1000	990	848	719	717	711	275	233	89	72	53	20
1000	1000	985	874	731	671	668	320	228	81	65	35	21
1000	1000	992	860	703	697	695	299	233	99	65	56	17
1000	998	987	855	713	708	706	281	245	91	57	56	27
999	999	991	867	714	708	707	289	221	80	64	46	26
1000	999	987	860	706	705	703	292	237	87	69	57	20
1000	1000	985	865	746	703	701	291	235	87	57	44	21
1000	999	989	848	715	712	711	281	263	96	66	51	18
1000	998	987	853	707	706	697	287	225	90	58	53	24
1000	999	983	834	709	704	696	286	274	114	68	61	18
1000	999	990	870	722	717	717	277	242	90	67	46	23
1000	999	988	857	716	711	706	283	243	93	61	51	25
1000	999	989	839	723	721	711	274	245	101	62	61	20
1000	999	992	869	723	723	709	272	254	91	73	47	19
1000	998	989	866	729	728	716	269	235	90	54	53	21
1000	1000	989	852	717	687	686	308	271	100	73	54	20
1000	1000	987	834	719	717	714	277	243	110	64	54	19
1000	1000	995	868	742	737	737	260	248	92	56	54	17
1000	999	991	855	741	690	688	308	251	99	55	46	22
1000	999	994	854	725	719	695	275	252	92	63	59	20
1000	1000	993	858	731	698	696	301	267	86	61	51	14
999	997	988	853	728	726	691	267	233	94	77	49	21
1000	1000	990	845	704	703	693	291	260	100	63	53	20
9.000000	0.000000
URS00004CF48A_666


1000	980	859	658	525	138	81	78	59	53	46	45	40
1000	989	860	657	538	139	80	58	54	46	39	38	35
1000	975	868	676	528	130	70	69	66	61	49	39	37
1000	977	866	675	545	132	73	69	66	53	52	43	36
1000	980	869	674	514	130	77	70	56	51	45	40	36
1000	977	864	691	545	134	89	64	64	62	48	39	33
1000	982	859	682	533	139	69	68	61	59	43	43	37
1000	984	849	694	544	148	84	81	59	56	40	36	33
1000	978	881	659	525	119	77	71	68	57	51	40	36
1000	982	835	682	514	165	81	66	61	44	42	38	34
1000	986	851	681	526	146	73	58	53	52	48	47	41
1000	984	858	674	538	141	80	57	55	54	42	39	35
1000	982	858	680	533	137	70	60	59	56	48	36	36
1000	984	856	687	534	143	71	59	56	51	42	38	37
1000	972	846	673	541	152	68	63	61	47	43	43	40
1000	982	879	684	540	120	83	65	60	50	49	41	38
1000	981	862	673	543	136	68	59	58	57	52	38	37
1000	985	894	688	552	105	80	67	67	50	38	38	37
1000	983	862	653	531	134	73	69	65	63	52	45	43
1000	980	856	657	515	143	95	74	68	57	51	48	39
1000	975	867	654	537	132	76	74	74	54	46	45	43
1000	984	862	666	511	138	87	58	50	49	49	37	35
1000	974	854	651	527	145	72	65	64	55	43	40	38
1000	976	847	663	538	153	66	59	55	55	51	48	43
1000	981	856	670	537	143	70	60	54	52	49	46	43
1000	983	853	662	531	145	67	67	66	58	51	45	40
1000	977	871	665	531	127	74	66	60	60	49	44	39
1000	981	862	660	533	136	79	55	55	53	53	44	35
1000	976	849	682	531	149	62	61	53	53	47	42	34
1000	987	862	674	567	136	88	64	55	42	38	38	34
1000	986	853	669	537	147	78	68	57	51	45	40	36
1000	976	872	666	520	127	76	68	62	53	46	44	37
1000	980	873	645	512	126	81	65	60	56	53	41	40
1000	981	864	656	541	136	76	71	60	48	45	42	34
1000	981	854	684	522	145	80	64	55	52	46	42	36
1000	981	862	673	536	135	86	64	58	56	52	34	30
1000	973	847	671	524	152	67	66	62	53	50	49	48
1000	983	871	669	525	129	76	70	54	51	48	36	35
1000	978	851	679	544	146	79	62	57	57	39	39	38
1000	979	866	678	538	130	78	68	58	49	42	36	32
1000	986	870	655	546	129	79	64	58	55	39	38	36
1000	975	856	688	540	142	68	62	58	55	46	42	41
1000	983	843	663	531	156	73	72	57	48	47	46	41
1000	988	872	680	546	128	73	62	61	56	55	40	32
1000	978	854	682	536	146	67	65	63	60	44	40	37
1000	982	858	680	531	141	79	68	59	54	47	45	42
1000	984	867	668	535	128	76	73	61	51	47	43	40
1000	975	862	673	539	135	74	63	61	47	46	40	37
1000	977	847	675	529	147	67	60	59	52	50	45	40
1000	980	861	672	540	139	71	70	55	51	50	43	42
1000	981	865	691	541	135	67	59	59	52	48	38	35
1000	972	852	682	536	148	78	58	52	49	47	45	44
1000	982	842	669	518	156	66	62	55	52	50	50	44
1000	977	855	675	531	144	79	65	58	49	43	40	40
1000	981	862	647	529	138	86	70	60	50	43	42	36
1000	982	858	658	517	138	87	69	53	52	43	43	40
1000	985	862	689	563	137	70	67	56	54	44	39	37
1000	980	848	678	522	148	68	61	59	55	55	51	42
1000	983	851	651	531	148	69	63	63	57	48	44	43
999	985	852	706	555	148	70	68	52	52	47	42	42
1000	977	843	670	528	156	72	68	53	49	47	44	42
1000	977	857	687	523	142	73	62	61	59	41	38	32
1000	984	865	682	551	132	67	60	54	53	46	39	35
1000	983	876	674	538	124	65	64	63	57	51	48	43
1000	982	863	650	522	137	75	73	73	56	46	41	37
1000	982	872	663	518	127	83	64	61	59	55	33	33
1000	986	868	681	525	132	83	73	65	55	49	39	38
1000	982	857	682	544	142	82	55	52	48	47	40	39
1000	984	857	657	535	141	81	67	67	57	49	41	35
1000	986	868	671	530	129	84	63	58	54	43	34	33
1000	982	893	673	566	106	78	57	57	53	50	36	34
1000	989	844	666	523	155	67	64	63	59	51	49	40
1000	980	868	684	522	131	82	68	61	57	46	42	36
1000	968	864	652	513	134	83	83	57	53	44	42	41
1000	978	855	694	547	144	63	58	57	56	50	44	34
1000	979	857	655	508	142	78	70	67	48	48	40	40
1000	984	870	659	544	128	71	62	62	61	48	42	35
1000	979	857	692	530	143	69	68	62	58	51	38	36
999	975	876	684	544	123	71	69	66	64	45	41	40
1000	984	859	679	540	141	70	58	56	54	51	34	32
1000	982	847	694	534	149	66	56	52	51	51	38	34
1000	980	856	691	524	142	69	64	61	53	45	43	39
1000	980	860	658	516	139	85	65	62	61	51	42	35
1000	978	865	667	531	133	72	70	62	55	48	38	34
1000	986	867	670	549	130	75	72	63	58	42	37	33
1000	986	868	677	529	130	82	62	61	57	39	36	33
1000	979	860	669	518	139	64	61	59	54	54	40	38
1000	977	860	691	561	137	73	62	53	50	44	41	41
1000	983	863	678	547	136	75	69	64	52	45	40	39
1000	983	857	690	522	142	66	63	59	53	49	39	36
999	983	874	654	520	124	95	64	62	56	46	35	31
1000	987	860	690	525	138	81	59	51	49	49	37	37
1000	981	876	665	549	123	80	67	62	47	41	34	33
1000	977	873	685	542	127	77	55	54	54	48	40	39
1000	976	863	681	544	134	64	59	52	48	46	42	36
1000	983	850	685	540	148	85	71	52	45	41	41	36
1000	977	866	674	522	133	92	71	65	60	45	42	37
1000	984	871	710	558	129	64	60	56	50	46	35	35
1000	981	867	675	512	131	89	79	69	57	46	43	38
1000	985	852	700	565	146	71	54	51	49	46	43	36
5.980000	0.140000
URS00000B37D5_666


999	805	709	582	338	329	295	282	250	192	192	185	99
999	805	722	604	369	335	323	268	255	191	190	184	105
999	810	732	609	372	340	321	254	248	187	187	175	102
1000	802	701	599	367	334	315	285	237	194	190	186	106
999	807	714	610	377	333	305	276	245	191	190	187	100
999	796	709	600	372	332	320	278	235	203	203	194	108
999	811	727	614	377	338	313	269	246	188	186	177	100
998	815	735	608	392	345	316	261	256	184	180	173	102
999	790	710	625	369	331	307	279	235	209	209	202	123
998	796	706	633	402	366	287	286	217	202	202	194	112
999	797	711	588	354	332	306	278	261	200	200	189	118
997	792	676	577	337	314	311	299	228	205	204	198	105
1000	806	715	622	401	361	294	276	236	190	188	182	100
997	821	721	587	377	341	325	267	251	178	177	169	98
996	821	736	583	356	336	321	260	259	178	176	173	92
998	798	700	633	387	351	293	281	222	201	200	194	109
997	809	738	638	413	367	295	258	228	189	185	175	108
998	807	719	573	365	343	329	273	266	191	191	186	103
1000	815	729	604	380	339	319	265	248	184	183	176	99
1000	820	719	601	376	332	316	268	248	176	175	167	100
998	803	707	599	370	339	311	286	249	192	191	183	91
999	822	739	593	379	331	328	256	247	176	175	171	94
999	805	708	613	384	353	299	286	235	192	191	185	109
1000	835	743	597	394	355	324	255	248	163	163	157	93
998	835	745	597	394	351	318	250	245	162	161	151	78
998	793	707	612	366	316	314	282	235	206	205	199	123
999	836	747	574	366	350	332	270	244	163	163	153	89
999	804	711	613	383	354	309	275	238	193	192	186	99
1000	831	741	605	396	355	309	248	226	167	165	157	86
998	840	756	594	389	344	329	253	237	159	154	147	91
998	810	718	603	384	351	313	272	240	188	188	179	92
998	809	731	619	383	339	310	260	243	189	189	176	110
999	843	746	596	399	345	319	243	240	154	154	148	92
1000	794	725	630	379	334	302	271	236	203	200	193	117
1000	802	725	647	406	360	282	263	217	196	195	187	107
996	814	727	584	352	336	317	265	249	182	181	176	96
999	820	741	599	377	338	327	267	248	178	176	169	94
998	819	715	585	369	335	319	275	245	180	178	177	102
1000	814	718	593	369	325	322	277	241	183	182	178	111
998	796	701	634	379	335	290	286	206	200	200	190	108
1000	808	715	602	385	341	313	277	241	191	191	181	108
995	823	733	602	374	341	322	258	254	176	175	166	96
999	799	709	605	375	342	316	281	237	201	200	193	109
998	792	700	609	374	332	309	288	238	206	206	197	109
1000	799	708	612	377	340	302	279	227	197	197	187	107
999	802	715	609	373	341	315	270	239	196	194	187	107
999	831	748	585	379	345	338	261	246	167	166	161	85
999	811	705	598	377	336	302	285	240	187	187	171	88
999	826	733	590	372	327	326	263	263	172	171	161	92
1000	805	708	611	383	352	298	288	237	193	192	186	96
1000	819	724	598	374	335	322	266	243	179	178	172	94
999	802	729	621	391	353	310	262	244	195	192	186	102
998	804	721	628	395	352	291	271	232	191	190	184	101
999	823	722	602	380	344	311	265	238	177	177	163	91
998	808	726	594	361	336	328	270	258	190	189	183	98
999	814	728	603	388	353	313	263	233	183	182	176	99
999	805	727	603	379	335	321	268	250	192	191	182	117
998	839	741	588	381	337	318	250	240	159	158	150	87
998	807	723	596	369	328	317	267	249	191	189	184	92
1000	829	727	585	359	332	323	268	248	169	167	162	97
997	803	729	623	390	341	308	262	232	195	194	189	106
997	806	738	629	400	363	305	257	234	191	191	187	105
999	814	729	603	377	332	312	263	247	182	182	175	95
999	786	705	624	379	347	302	284	225	211	211	201	103
998	806	715	605	375	336	312	274	237	192	192	184	112
999	806	715	600	361	334	318	275	262	191	190	180	95
1000	819	724	590	373	343	321	264	243	179	178	173	102
998	812	723	609	380	331	309	270	238	187	187	180	103
998	794	717	613	371	330	317	271	256	206	205	198	106
999	799	689	582	346	321	305	300	237	199	199	188	118
999	782	693	587	332	328	309	298	247	214	214	205	107
1000	812	712	612	375	344	302	281	234	186	184	177	103
999	813	726	602	375	330	315	265	241	186	185	177	103
996	797	702	618	375	346	293	287	221	201	200	190	114
997	829	722	613	413	371	283	269	213	165	165	157	96
1000	820	729	601	389	358	315	263	243	178	178	170	90
999	787	701	591	350	319	310	290	241	209	207	196	115
1000	802	718	602	361	326	319	271	252	196	196	189	100
1000	805	717	593	364	330	328	274	239	193	193	179	107
998	817	711	599	385	351	306	279	243	179	179	171	86
999	814	730	606	382	346	320	265	242	183	182	178	106
1000	823	724	578	369	339	328	267	260	175	174	162	100
998	806	698	579	336	328	298	290	256	188	186	176	102
997	802	722	627	403	349	295	269	235	195	194	187	102
1000	818	740	608	397	352	319	259	250	179	179	174	83
1000	810	723	610	387	336	311	263	242	188	187	178	104
1000	828	755	608	382	344	326	238	237	171	171	164	118
998	795	717	596	368	330	328	274	243	201	200	196	118
1000	818	740	609	388	348	324	250	248	180	180	172	92
1000	785	711	631	375	337	298	281	218	209	209	200	117
999	793	702	587	343	322	308	286	234	203	200	192	107
999	804	712	609	373	332	308	279	245	194	191	185	111
1000	801	700	575	351	327	309	292	250	196	196	187	112
998	809	722	611	378	332	318	274	242	190	189	183	103
999	780	699	603	364	334	311	295	237	214	214	199	115
998	795	707	617	374	327	305	283	234	202	202	199	116
999	800	712	594	356	324	320	280	249	198	198	188	113
996	809	716	591	360	326	323	273	252	190	188	185	109
999	831	743	592	390	340	327	255	252	168	167	159	91
1000	810	709	603	374	334	310	280	227	188	186	174	109
8.910000	0.286182
URS00002FA849_666


1000	862	807	602	422	379	346	262	191	136	135	129	83
1000	876	824	607	433	397	343	268	170	122	120	116	73
1000	884	828	598	434	402	356	268	168	115	115	107	69
1000	858	808	601	416	383	355	278	190	140	140	134	82
999	867	819	606	428	381	343	264	175	130	128	124	72
1000	881	828	568	399	382	366	281	171	116	116	108	70
1000	872	826	592	418	383	358	256	172	123	121	117	71
1000	881	833	599	434	393	358	260	164	118	117	112	69
1000	893	835	582	438	406	357	282	161	104	102	99	66
1000	876	819	574	426	373	367	289	177	121	119	115	72
1000	863	799	597	414	376	334	265	199	134	131	122	76
1000	906	847	587	450	402	355	276	149	93	91	88	63
1000	888	819	583	413	375	349	264	178	109	109	108	71
1000	887	830	581	427	393	355	259	167	111	111	105	67
1000	874	822	599	435	400	349	266	174	124	124	116	67
1000	879	813	604	434	384	334	259	182	120	120	115	76
1000	876	823	599	436	381	354	278	173	123	121	118	71
999	876	828	611	453	418	343	265	167	122	122	116	73
1000	882	825	578	415	384	371	275	171	116	115	112	63
1000	893	833	594	439	399	348	264	162	104	102	97	58
1000	871	819	593	417	369	355	264	173	128	127	121	79
1000	882	825	581	419	362	358	282	171	116	115	106	71
1000	871	805	589	411	357	345	258	192	127	123	118	77
1000	878	833	588	421	377	366	284	164	120	119	115	72
1000	878	823	597	439	399	347	271	174	118	118	113	64
1000	886	841	573	416	387	369	288	155	112	110	110	80
1000	875	820	585	415	365	355	290	176	122	120	111	66
1000	859	808	590	413	366	356	291	188	139	138	130	81
999	888	837	606	445	406	351	267	160	110	109	106	69
999	873	816	579	413	371	365	265	180	125	125	118	79
1000	877	812	605	437	384	338	255	183	122	121	118	71
1000	880	827	588	418	374	366	263	167	117	117	109	79
1000	883	828	586	424	386	366	275	166	116	115	110	77
1000	883	825	576	423	371	367	284	172	114	114	110	74
1000	893	834	567	428	387	378	285	161	106	105	97	71
1000	879	826	582	419	381	366	274	165	116	113	107	62
999	875	821	601	439	391	348	263	177	122	119	116	70
1000	875	809	593	419	372	344	250	189	124	122	118	68
1000	883	831	585	427	377	369	284	164	114	114	112	75
999	875	820	597	433	392	349	281	176	122	122	119	75
1000	890	834	567	407	387	365	299	164	109	108	105	68
999	884	828	587	424	385	360	284	169	116	116	112	67
1000	890	837	588	443	390	362	264	159	105	103	97	60
1000	876	810	593	415	373	347	254	190	124	122	116	82
1000	877	821	561	398	388	363	295	177	123	120	117	67
1000	864	813	607	431	384	339	254	183	132	131	121	80
1000	878	821	592	435	397	357	277	172	122	121	119	77
999	875	829	620	446	394	337	253	169	124	124	118	75
1000	899	837	577	428	391	365	293	159	98	97	90	68
1000	894	839	575	427	392	373	292	159	104	103	98	76
1000	884	828	579	420	373	369	271	170	116	115	111	68
1000	860	813	605	436	385	350	270	185	138	137	130	75
999	877	823	580	397	370	368	278	177	120	120	115	80
999	886	829	576	411	371	366	289	168	114	113	108	72
1000	873	820	578	417	380	368	274	176	126	122	120	76
1000	885	838	582	424	388	372	293	160	114	113	107	74
1000	895	843	565	427	389	383	286	155	105	104	98	60
1000	868	805	611	420	386	332	251	192	129	129	125	77
1000	872	817	606	436	387	346	273	181	126	125	118	69
999	864	804	581	399	362	356	265	192	135	132	130	76
1000	874	824	606	435	391	342	255	172	123	123	117	81
1000	848	809	642	446	391	316	236	186	150	149	140	89
1000	857	807	603	417	369	352	278	186	140	137	131	74
1000	875	821	596	435	397	349	265	175	123	123	118	70
1000	865	805	623	444	411	320	242	187	134	134	130	74
1000	880	826	580	419	367	367	287	169	118	118	113	73
1000	877	826	581	413	368	365	281	171	120	119	115	76
1000	875	822	590	433	388	359	286	171	120	120	119	73
1000	883	830	589	419	377	356	289	165	112	111	110	78
999	889	834	602	437	380	350	264	164	109	108	105	73
999	884	835	572	410	376	364	286	163	114	113	112	73
1000	892	839	577	420	387	375	282	159	107	106	102	77
1000	877	828	577	423	377	370	298	169	120	119	114	69
1000	872	827	606	433	383	355	279	170	128	127	121	83
999	849	796	599	409	372	352	275	200	151	151	145	91
1000	900	836	559	416	382	377	289	161	99	97	94	73
1000	870	816	569	403	382	364	289	176	129	125	121	77
1000	883	835	600	433	385	355	278	164	114	114	110	79
1000	868	819	588	410	371	359	274	179	127	126	119	74
1000	868	821	597	425	370	352	272	178	129	127	122	90
1000	884	843	588	423	372	369	287	154	112	112	106	80
1000	868	813	583	420	377	362	273	183	130	128	122	73
1000	864	808	608	431	387	341	258	190	136	135	131	88
1000	874	818	607	431	380	343	266	179	124	121	115	80
1000	872	810	593	413	378	358	276	185	124	124	122	69
1000	894	846	583	438	391	371	292	150	106	105	97	74
1000	868	798	574	397	360	352	289	195	131	130	128	73
1000	876	832	623	443	384	331	250	166	121	119	114	78
1000	884	828	587	439	392	361	283	167	116	115	110	70
1000	895	826	580	424	382	357	277	174	105	104	101	64
1000	879	824	610	447	396	338	257	173	117	117	112	72
1000	905	855	576	436	399	369	295	142	93	91	89	62
1000	885	823	576	421	378	365	290	177	113	112	106	70
1000	878	820	597	431	389	346	261	179	120	119	113	71
1000	883	827	573	411	377	370	280	168	117	117	113	62
999	859	793	621	440	390	324	244	198	141	141	136	76
1000	877	823	570	406	376	355	301	171	119	118	109	83
1000	883	831	585	433	385	362	274	167	113	112	106	71
1000	887	822	586	419	373	361	275	175	113	113	109	69
1000	895	848	601	444	388	355	260	148	103	103	98	66
8.000000	0.000000
URS0000232B9F_666


1000	1000	997	947	909	705	101	92	73	45	16	13	10
1000	1000	995	948	919	702	98	97	57	54	15	11	10
1000	999	995	958	906	718	91	73	66	48	16	14	8
1000	1000	993	943	912	692	112	82	68	61	21	11	11
1000	999	997	952	912	701	92	84	66	54	12	11	9
1000	1000	995	957	925	714	87	84	58	53	14	11	10
1000	999	991	946	912	717	97	94	67	43	19	12	10
1000	1000	996	951	924	714	84	83	61	50	18	15	12
1000	1000	993	954	913	706	94	92	62	54	20	12	11
1000	1000	994	953	918	716	104	95	57	49	21	13	12
1000	1000	996	956	916	725	94	79	63	53	15	12	11
1000	1000	994	941	920	712	103	80	61	49	18	15	10
1000	1000	996	949	933	733	116	90	55	46	20	9	8
1000	1000	996	950	918	696	97	93	59	54	22	14	9
1000	1000	993	949	924	711	83	80	55	55	20	15	15
1000	1000	993	953	905	714	89	87	66	47	19	17	14
1000	1000	992	937	912	699	115	84	60	57	12	11	11
1000	1000	994	941	920	716	104	81	60	58	11	9	8
1000	1000	995	948	897	721	99	81	74	52	14	13	13
1000	1000	995	950	936	712	88	81	53	47	19	13	11
1000	999	989	943	922	676	100	73	73	56	15	12	11
1000	1000	998	946	915	733	98	89	59	45	18	11	9
1000	1000	995	957	913	699	84	79	65	62	24	11	10
1000	999	990	967	914	736	87	87	66	36	26	13	9
1000	1000	998	953	922	725	94	82	58	53	17	13	11
1000	1000	993	957	921	711	93	88	57	56	15	9	9
1000	1000	983	946	901	711	100	87	61	50	14	13	13
1000	999	997	952	936	728	96	75	57	47	17	13	11
1000	1000	995	953	918	707	96	91	58	57	17	10	10
1000	1000	995	965	911	707	101	81	68	42	23	10	9
1000	999	996	957	915	724	81	74	64	55	19	11	7
1000	1000	996	943	915	707	99	84	65	50	12	11	10
1000	1000	994	950	918	708	95	89	52	51	20	12	11
1000	999	992	954	917	726	96	88	58	49	20	11	11
1000	999	993	947	915	697	85	84	60	58	18	15	15
1000	1000	997	950	921	702	93	89	62	60	17	9	8
1000	1000	992	956	919	716	93	80	58	54	12	11	9
1000	1000	995	946	934	735	98	86	62	46	17	13	10
1000	999	993	948	920	737	99	74	58	44	14	13	12
1000	1000	992	943	921	712	107	84	61	47	19	15	11
1000	1000	994	942	901	723	110	89	64	44	14	14	11
1000	1000	990	957	919	696	108	90	53	53	15	11	10
1000	1000	984	939	910	736	97	79	57	56	17	14	14
1000	1000	994	955	915	700	88	87	68	65	15	12	10
1000	1000	991	937	919	732	100	67	54	50	15	8	8
1000	999	995	956	926	715	87	73	62	56	14	13	9
1000	1000	997	947	925	695	109	103	59	58	22	10	7
1000	1000	992	943	924	722	100	81	56	50	22	15	14
1000	998	987	955	917	712	86	82	47	46	18	14	12
1000	999	995	952	923	714	98	87	50	49	17	11	9
1000	1000	994	948	900	713	95	73	70	54	17	11	10
1000	999	998	952	900	681	104	96	72	63	13	13	12
1000	999	994	946	917	719	91	83	58	58	19	10	9
1000	998	994	942	914	712	97	85	57	54	22	14	13
1000	1000	996	939	902	706	89	84	78	58	14	14	12
1000	1000	997	950	912	701	97	84	68	57	14	13	10
1000	1000	998	954	910	697	95	90	62	54	19	14	12
1000	1000	994	958	920	718	90	81	53	52	16	12	12
1000	999	997	950	916	723	94	79	60	59	17	14	11
1000	999	990	944	919	723	99	71	57	52	12	9	8
1000	999	996	944	919	690	97	82	63	62	19	16	13
1000	1000	995	953	909	689	96	82	68	59	20	16	11
1000	1000	997	965	916	691	79	79	63	61	17	15	11
1000	1000	993	949	925	738	103	75	52	48	19	13	11
1000	999	994	953	921	710	96	81	55	54	16	11	10
1000	1000	1000	963	910	703	80	79	69	50	21	18	15
1000	1000	997	949	923	720	97	79	66	52	14	12	10
1000	1000	994	944	907	697	108	89	65	64	14	12	11
1000	1000	997	952	935	726	91	86	64	46	17	16	10
1000	1000	998	965	923	727	84	81	57	54	27	12	10
1000	1000	994	948	925	676	106	99	58	51	22	17	13
1000	997	993	953	901	708	95	85	78	52	13	10	9
1000	1000	997	948	928	706	117	84	51	49	15	15	13
1000	1000	994	943	933	721	100	82	52	43	21	12	10
1000	999	992	954	911	731	89	88	58	54	21	10	9
1001	1000	992	955	915	717	94	87	61	51	15	15	11
1000	1000	997	958	916	735	86	79	65	51	18	13	9
1000	1000	990	952	920	708	98	85	59	54	22	14	10
1000	1000	995	951	934	733	104	85	51	48	21	16	9
1000	1000	996	943	922	713	114	87	57	56	21	12	10
1000	1000	999	957	928	717	83	81	50	48	20	10	10
1000	1000	998	953	935	716	91	84	53	45	20	14	12
1000	1000	994	955	917	704	91	87	72	62	16	12	11
1000	1000	996	956	925	703	86	82	64	54	18	12	12
1000	1000	992	948	921	725	104	94	56	54	22	10	10
1000	1000	999	944	927	711	99	86	60	56	16	11	10
1000	1000	995	955	921	727	94	81	58	55	17	16	10
1000	999	993	958	917	717	85	70	61	54	15	14	9
1000	999	988	949	905	720	90	84	58	57	15	14	11
1000	1000	999	955	934	729	85	83	51	46	24	12	11
1000	1000	991	951	909	710	96	89	60	52	22	12	11
1000	1000	998	946	921	702	84	72	59	54	21	14	14
1000	1000	995	952	899	705	90	82	68	51	16	15	14
1000	1000	994	953	902	677	90	90	61	60	18	15	11
1000	1000	993	953	923	721	88	86	57	53	14	13	10
1000	1000	992	938	907	728	90	76	62	54	22	14	13
1000	999	993	942	907	698	98	89	67	62	18	11	9
1000	1000	997	954	915	707	98	90	70	58	15	12	11
1000	1000	996	956	910	690	100	81	72	67	12	9	8
1000	1000	992	942	918	715	107	84	53	48	21	12	11
9.030000	0.727392
URS000047349F_666


1000	975	964	929	877	668	535	327	301	262	211	202	128
1000	971	963	926	878	702	547	331	262	241	210	203	114
1000	971	964	936	887	679	549	334	288	264	200	193	108
1000	971	961	945	899	654	529	307	302	276	201	191	132
1000	969	961	931	875	642	527	313	287	280	207	193	124
1000	969	958	922	875	672	549	305	281	258	204	182	110
1000	964	958	914	862	677	540	309	277	240	217	198	124
1000	984	976	942	894	680	545	314	292	259	198	191	122
1000	978	965	923	873	712	560	319	250	241	223	210	109
1000	980	964	943	897	686	524	320	280	246	228	201	119
1000	977	964	931	880	693	549	307	274	253	220	204	115
1000	968	958	931	879	695	556	307	272	257	216	189	112
999	971	957	916	864	646	507	322	313	274	217	184	124
1000	977	969	939	892	669	522	333	298	265	228	194	119
1000	979	960	935	884	666	550	317	295	259	209	199	124
1000	972	963	930	877	663	517	301	289	272	218	200	127
1000	970	963	938	893	689	546	315	275	245	204	190	113
1000	966	956	927	885	664	544	299	290	253	206	180	123
1000	969	958	936	902	683	548	318	280	246	202	200	115
1000	970	959	938	883	707	572	328	255	241	206	203	123
1000	966	955	928	884	703	546	316	248	223	218	216	110
1000	967	949	923	874	649	521	322	311	279	192	181	138
1000	967	950	921	879	689	550	314	257	230	210	204	107
1000	981	967	938	887	659	520	310	286	271	229	211	136
1000	980	967	923	879	670	535	308	293	254	228	215	122
1000	967	957	921	861	678	543	322	278	243	205	197	121
1000	969	965	932	883	682	548	329	278	244	204	199	123
1000	975	964	932	877	667	524	297	297	263	220	191	127
1000	973	962	932	887	665	511	295	291	265	217	204	117
1000	970	959	928	876	664	539	292	274	245	228	208	113
1000	978	970	928	883	695	546	302	273	229	221	217	122
1000	969	956	921	880	667	557	335	289	258	204	182	114
1000	975	964	928	873	667	527	319	299	274	214	198	123
1000	979	974	934	887	694	551	319	267	236	229	214	121
1000	970	958	920	878	661	534	303	298	262	211	199	123
1000	975	962	928	872	684	543	312	281	260	200	193	127
1000	974	960	929	882	674	518	317	290	252	229	200	121
1000	971	962	931	888	677	538	293	292	262	216	198	120
1000	984	974	936	896	686	552	329	290	249	206	196	116
1000	976	964	912	853	682	549	324	288	262	202	197	121
1000	971	964	931	885	690	557	314	275	247	212	198	114
1000	981	964	928	879	653	514	309	289	282	216	199	134
1000	974	964	932	877	689	533	320	272	241	222	221	133
1000	976	965	924	877	652	509	309	307	271	223	211	151
1000	976	965	935	880	686	563	336	279	251	196	195	119
1000	975	963	924	878	698	571	320	273	248	218	187	121
1000	972	956	930	880	663	530	315	296	259	212	189	123
1000	966	957	918	860	677	533	331	283	246	204	194	111
1000	980	965	930	883	697	565	327	272	241	197	192	112
1000	970	955	924	874	651	507	308	303	262	217	186	142
1000	981	966	917	870	691	540	318	273	238	218	202	132
1000	978	966	945	881	687	548	310	279	247	213	204	135
1000	980	969	934	890	699	562	313	270	239	218	202	109
1000	969	959	916	863	682	539	333	275	243	214	202	120
1000	970	959	926	883	692	543	313	268	230	229	227	121
1000	975	967	929	868	669	528	310	299	265	218	175	133
1000	975	962	929	881	678	556	298	281	238	208	190	135
1000	978	968	940	890	701	567	326	266	229	209	204	107
1000	979	965	936	878	675	541	339	292	269	209	185	128
1000	974	963	931	878	668	535	313	294	268	219	205	132
1000	975	965	926	887	693	560	318	273	241	206	205	113
1000	970	962	927	892	654	519	307	302	262	213	187	141
1000	973	968	935	887	674	539	310	291	263	202	194	116
1000	977	962	923	884	702	560	341	263	232	219	208	99
1000	972	960	927	876	664	526	318	297	273	219	190	107
1000	974	967	935	894	670	544	305	296	271	193	190	119
1000	975	963	921	875	692	558	317	274	239	218	192	121
1000	971	955	925	880	658	549	308	294	255	196	189	122
1000	977	964	917	867	682	545	315	284	257	217	202	133
1000	981	973	933	876	711	575	342	258	231	214	195	115
1000	972	962	922	883	665	532	301	301	273	212	209	122
1000	971	951	930	869	659	531	309	296	262	215	190	127
1000	979	964	935	872	624	506	340	303	300	203	184	137
1000	972	967	934	887	694	551	323	270	225	209	196	113
1000	974	965	934	883	665	528	314	302	262	221	212	125
1000	975	968	936	888	674	524	315	297	265	221	214	131
1000	971	964	935	888	677	536	300	282	252	226	222	138
1000	974	961	928	883	678	543	336	288	259	203	192	129
999	954	947	916	865	675	529	314	275	244	206	187	118
1000	984	975	939	886	678	549	312	299	258	219	201	129
1000	981	972	933	882	678	544	324	289	255	207	199	116
999	978	962	939	887	675	566	331	287	246	206	193	126
1000	976	969	942	897	673	522	299	299	263	221	202	128
1000	972	963	935	884	665	513	325	292	258	225	209	114
1000	970	956	920	871	681	561	318	280	247	187	184	120
1000	978	972	938	885	647	529	326	295	291	206	178	141
1000	966	957	918	873	680	553	314	278	240	200	196	117
1000	979	972	948	899	680	556	312	288	252	208	197	120
999	974	957	929	876	697	579	309	268	229	209	184	112
1000	971	962	930	873	684	540	324	278	260	208	195	117
1000	968	949	919	872	660	508	306	302	264	210	193	116
1000	981	969	937	893	673	538	310	288	256	213	205	137
1000	977	968	936	885	660	532	313	306	276	201	197	143
1000	984	964	932	885	676	526	301	294	258	214	211	126
1000	975	967	937	891	666	540	322	304	272	200	166	149
1000	972	961	927	869	672	540	288	286	261	207	202	128
1000	973	967	937	888	664	533	319	312	274	216	203	112
1000	980	969	935	879	693	541	312	279	260	211	193	110
1000	974	958	927	873	669	541	314	285	253	212	177	125
1000	974	964	923	872	668	549	324	300	262	202	196	123
12.010000	0.099499
URS000005C698_666


1000	999	952	952	689	177	163	88	75	67	50	48	43
1000	997	954	954	677	163	154	94	80	68	46	46	42
1000	999	969	969	677	159	154	99	89	84	42	41	31
999	999	961	961	680	169	153	88	75	74	48	42	39
999	998	968	967	706	182	145	83	80	76	42	37	32
1000	999	962	960	701	164	157	88	83	77	40	38	33
1000	999	954	950	688	175	147	95	88	67	46	39	37
1000	1000	959	956	688	185	166	93	84	80	48	41	38
1000	1000	963	962	717	156	146	88	78	74	43	37	32
1000	996	953	953	693	187	153	101	76	74	52	47	42
1000	1000	964	963	715	167	152	98	85	69	50	47	36
1000	999	970	969	723	183	165	81	76	74	43	30	30
1000	999	953	952	698	170	163	79	72	68	47	46	43
999	996	962	961	693	179	148	82	79	74	48	43	38
999	999	956	954	686	157	155	89	76	68	44	43	41
1000	1000	954	951	692	168	130	96	79	78	46	44	40
999	999	966	966	695	169	151	92	86	67	42	37	34
1000	997	965	964	729	168	166	85	84	64	42	35	35
1000	1000	963	962	698	167	159	85	79	63	41	37	34
999	999	964	962	700	181	156	86	85	80	36	35	34
999	999	964	963	701	180	142	85	84	77	53	45	38
1000	999	957	956	686	172	151	85	85	83	47	44	43
1000	1000	958	956	674	160	160	83	82	74	51	44	42
1000	998	952	949	693	164	154	94	58	56	49	48	41
1000	999	957	955	726	181	158	80	79	68	43	43	41
1000	999	960	959	699	183	161	92	86	77	40	38	37
1000	998	968	966	700	160	152	88	84	74	37	32	31
1000	999	957	955	714	174	164	83	75	71	60	43	40
1000	999	958	957	719	175	148	92	77	66	45	42	42
1000	1000	956	954	677	178	170	108	75	65	44	40	38
1000	999	975	974	708	171	167	81	80	73	52	39	29
1000	994	954	953	672	169	169	82	80	79	46	44	43
1000	999	970	968	690	161	146	89	81	75	47	42	30
1000	997	962	960	682	180	165	91	78	77	54	41	38
1000	999	955	954	721	170	151	82	74	74	48	45	40
998	997	964	963	717	173	159	78	78	77	41	41	36
1000	999	961	961	687	161	151	100	82	78	47	39	34
999	998	966	964	694	179	146	95	92	78	51	42	34
1000	998	967	967	692	178	147	89	77	69	47	43	33
1000	999	971	969	709	168	144	92	79	73	48	37	28
999	997	954	954	695	168	147	95	86	78	46	39	35
1000	999	964	964	683	158	154	98	82	74	46	36	33
999	999	961	960	689	161	156	91	74	73	51	47	39
1000	999	964	964	697	158	150	90	78	76	47	37	36
999	999	979	976	709	161	155	86	83	74	44	42	28
1000	998	957	955	687	177	157	95	79	78	52	43	37
1000	998	959	957	714	168	167	83	74	61	41	40	35
1000	1000	965	964	706	184	149	83	83	71	41	35	32
1000	997	942	938	686	153	146	84	78	58	58	47	43
1000	1000	965	964	718	160	153	88	78	66	44	37	35
1000	998	959	958	692	166	166	98	78	65	42	34	34
1000	998	959	957	717	163	152	78	75	72	41	35	35
1000	1000	958	956	686	165	164	86	68	66	56	42	38
1000	1000	967	965	711	178	149	80	79	74	41	35	33
1000	997	959	955	678	163	161	88	84	72	43	41	38
1000	999	964	962	709	167	150	86	80	79	41	36	31
999	998	963	962	683	162	148	98	93	79	45	38	35
1000	1000	960	958	689	171	169	84	82	69	40	37	35
1000	998	964	961	709	176	149	90	86	70	50	36	32
999	997	965	962	711	176	144	93	84	72	41	35	35
999	997	961	960	704	172	162	79	75	75	51	44	39
999	999	961	960	722	156	137	86	84	70	46	39	31
1000	1000	950	950	710	189	157	87	87	73	50	47	44
1000	998	963	961	699	179	157	83	76	62	48	41	38
1000	998	963	962	680	162	157	92	91	76	51	39	37
1000	998	969	964	717	159	153	77	75	68	46	39	31
1000	999	953	952	706	175	175	85	82	64	47	44	41
1000	998	958	953	714	163	148	95	84	67	51	42	37
1000	1000	958	957	702	175	157	96	85	66	43	42	36
1000	998	959	956	697	167	165	87	83	82	50	41	38
999	998	968	967	716	172	168	98	83	65	44	39	32
1000	999	959	956	702	172	162	81	74	73	50	41	39
1000	999	955	955	681	158	150	92	84	75	45	42	40
999	998	957	956	700	168	149	82	78	70	45	43	40
1000	997	963	962	712	163	154	88	85	71	40	37	37
1000	1000	970	968	694	169	150	90	82	77	42	34	30
999	999	962	960	713	170	152	82	79	79	39	38	32
1000	999	963	963	719	188	153	81	73	71	54	41	37
1000	999	967	966	685	196	151	91	89	83	42	36	33
1000	997	966	964	716	175	172	88	78	62	51	40	35
1000	998	956	954	699	152	151	89	68	66	44	39	37
1000	999	958	957	705	171	167	85	81	72	42	41	37
1000	999	965	963	718	181	154	79	77	66	44	35	34
1000	998	963	962	674	171	156	88	73	67	45	44	37
1000	1000	959	956	677	168	165	91	80	78	51	44	41
1000	999	940	940	662	172	163	100	85	73	60	52	45
1000	996	958	956	679	158	154	89	76	68	50	47	41
1000	999	966	966	714	165	159	83	79	71	38	35	34
1000	998	955	954	700	180	148	81	75	75	46	45	41
1000	998	947	945	700	180	160	86	79	75	53	46	44
1000	998	964	963	712	181	169	97	77	75	55	36	32
1000	998	974	973	722	191	162	94	76	66	48	48	26
1000	996	956	954	697	160	158	91	76	68	44	40	38
1000	999	962	962	696	184	177	81	80	69	44	40	38
999	999	970	969	713	156	138	85	81	76	42	41	40
999	999	969	969	712	181	166	82	80	79	36	32	31
1000	1000	965	964	712	163	157	74	71	68	42	38	35
1000	1000	963	961	722	170	142	86	81	68	42	38	38
1000	999	971	970	705	179	149	87	76	75	48	43	32
1000	999	968	967	700	169	162	86	82	73	47	46	32
9.040000	0.747261
URS00000517AF_666


1000	926	893	771	465	200	75	48	44	44	41	37	34
1000	926	890	758	475	213	73	52	48	48	37	32	26
1000	916	876	753	491	219	68	59	52	51	48	33	31
1000	907	881	756	493	207	63	62	57	54	50	41	34
1000	926	887	756	470	208	66	58	58	55	38	37	24
1000	912	881	736	460	229	68	58	58	57	44	37	28
1000	923	885	734	484	227	72	52	52	50	39	38	29
1000	893	872	763	469	205	78	64	62	61	57	43	40
1000	922	902	762	475	212	66	53	52	44	31	29	28
1000	930	891	787	476	184	63	60	46	45	44	34	29
1000	924	890	760	460	202	74	49	47	47	45	40	36
1000	916	884	762	484	210	62	55	54	53	41	39	32
1000	942	907	758	459	214	83	35	35	32	32	26	25
1000	916	890	756	484	215	69	53	52	51	43	38	30
1000	919	879	733	478	240	62	55	54	54	49	42	30
1000	914	886	755	471	205	60	60	59	59	44	43	28
1000	922	901	750	501	216	66	51	51	48	40	35	27
1000	917	877	739	489	225	63	62	62	55	44	39	26
1000	932	907	734	503	234	67	44	44	43	35	29	29
1000	935	907	758	492	215	63	40	39	38	33	24	23
1000	903	868	756	471	212	67	62	61	60	52	46	33
1000	911	865	737	459	229	67	62	62	62	48	44	30
1000	914	887	738	460	235	64	57	56	56	43	32	32
1000	927	903	761	490	220	74	49	49	48	36	36	32
1000	919	881	759	466	211	64	57	57	56	54	45	28
1000	924	892	739	474	224	85	53	52	50	38	38	23
1000	917	899	771	505	203	70	54	54	53	39	35	26
1000	915	889	749	486	222	64	58	58	47	45	36	25
999	919	898	765	483	208	68	46	45	42	41	31	29
1000	924	888	755	463	221	73	61	57	56	42	37	26
1000	920	882	764	479	198	66	54	54	50	42	38	34
1000	905	893	747	475	230	78	71	70	52	47	44	22
1000	921	897	757	493	208	69	48	47	47	47	35	32
1000	912	869	756	475	211	72	56	56	56	50	39	36
1000	929	886	758	464	199	66	57	47	47	39	36	30
1000	911	891	728	475	233	74	68	68	63	46	43	27
1000	923	885	733	504	233	64	53	53	52	40	36	25
1000	914	879	766	467	200	78	63	59	59	46	45	31
1000	925	897	762	461	203	68	48	47	47	39	32	29
1000	908	882	741	475	225	66	63	63	55	49	44	28
1000	918	892	745	484	226	73	60	60	55	38	36	23
1000	930	897	742	480	226	59	50	48	48	38	31	31
1000	915	880	755	486	210	67	54	53	53	45	37	29
1000	928	904	769	483	203	72	47	46	42	36	28	23
1000	932	891	758	482	211	75	47	44	43	43	32	26
1000	927	885	750	465	218	67	53	47	46	40	35	33
1000	918	896	749	466	215	67	57	56	45	43	38	33
1000	918	895	726	469	249	76	62	62	57	38	30	27
1000	915	873	740	492	223	65	59	57	56	48	44	38
1000	919	893	772	494	195	71	55	52	52	50	36	35
1000	926	903	777	472	196	74	52	52	52	37	29	29
1000	930	902	766	498	201	65	48	46	45	35	32	28
1000	926	886	748	483	214	60	54	54	52	42	40	31
1000	909	894	728	494	246	66	66	61	49	41	40	38
1000	937	898	757	498	205	68	47	42	41	35	30	28
1000	917	875	735	485	231	61	58	56	55	49	45	35
1000	929	902	759	475	210	73	52	52	52	35	34	31
1000	929	884	770	484	192	66	51	44	42	41	37	32
1000	936	899	768	502	181	74	54	50	50	37	27	26
1000	920	890	738	456	229	74	59	56	56	43	41	31
1000	930	900	760	478	213	71	46	45	45	41	36	28
1000	920	894	761	485	212	71	53	53	51	43	34	27
1000	916	878	754	476	207	67	60	56	56	43	40	32
1000	917	890	761	497	211	78	62	60	60	40	40	26
1000	922	893	764	477	202	63	60	60	53	38	34	30
1000	927	891	759	473	214	57	56	50	49	38	38	29
1000	924	897	770	480	201	85	49	48	45	40	33	31
1000	924	884	748	469	223	79	52	51	48	39	38	35
1000	919	903	765	485	204	83	57	57	43	34	31	27
1000	909	882	751	466	223	77	54	54	53	47	39	35
1000	917	905	761	481	205	69	58	57	45	34	33	31
1000	945	912	745	503	217	72	43	42	40	40	27	27
1000	900	884	745	466	225	63	58	57	56	49	39	38
1000	922	877	751	493	208	68	53	48	48	45	33	28
1000	930	902	759	480	211	56	54	54	51	33	32	26
1000	936	906	726	498	232	70	43	42	39	36	32	32
1000	916	881	731	473	235	62	56	56	49	47	35	25
1000	915	893	751	466	213	67	56	55	55	44	42	33
1000	923	889	756	495	203	71	52	52	48	37	33	27
1000	914	871	741	450	217	85	57	56	53	48	38	28
1000	923	897	747	497	225	68	51	51	43	39	28	27
1000	918	906	731	479	240	64	63	62	48	32	27	24
1000	913	887	732	469	239	66	66	62	62	49	38	28
1000	922	899	738	483	235	69	55	55	54	39	36	36
1000	922	889	737	474	235	71	59	59	59	42	38	26
1000	910	877	727	472	239	85	61	59	59	49	47	25
1000	922	892	725	495	236	70	56	55	47	42	39	25
1000	915	881	771	482	206	75	61	58	58	47	46	33
1000	932	880	758	439	210	77	63	44	43	37	36	23
1000	936	903	767	490	202	67	44	42	42	41	30	24
1000	918	892	746	486	220	76	59	59	57	42	37	23
1000	929	903	774	487	191	68	55	55	46	40	39	38
1000	921	888	738	496	221	66	52	51	48	46	37	32
1000	899	871	721	463	240	67	63	63	60	56	41	33
1000	905	884	742	472	222	85	61	61	57	48	39	30
1000	926	886	767	482	200	61	53	49	48	36	32	26
1000	929	893	762	473	198	71	43	42	42	37	26	26
1000	920	901	753	483	208	64	55	55	48	39	33	32
1000	928	905	766	486	198	70	47	46	46	36	31	29
1000	931	894	746	462	222	75	54	50	50	39	38	26
6.000000	0.000000
