URS0000C8B8C1_511145


948	858	773	652	212	128	65	59	43	42	39	38	33
964	882	799	637	224	107	64	62	41	38	37	37	28
958	869	781	652	210	121	70	63	47	46	34	33	30
978	875	795	683	185	118	60	58	44	40	40	38	28
970	858	790	667	182	126	56	54	53	48	45	43	29
976	862	785	648	195	126	70	61	53	45	34	33	29
960	863	798	658	200	128	66	55	41	39	39	33	30
969	865	784	649	188	124	62	61	58	52	40	29	29
972	869	777	638	220	118	69	61	60	51	41	35	28
970	859	797	669	185	128	59	50	47	43	41	31	29
968	867	782	693	175	126	62	51	47	37	36	32	30
974	858	793	664	191	125	58	52	44	43	42	41	40
954	881	799	642	202	112	63	53	45	44	36	32	32
974	866	800	651	205	127	61	53	43	40	39	37	32
970	867	789	664	182	124	62	60	51	45	44	43	36
970	853	782	681	174	138	54	50	47	47	42	41	35
972	860	783	642	193	134	70	61	59	45	44	38	29
966	849	781	637	216	137	75	52	52	44	41	35	30
977	859	786	682	187	132	67	54	53	39	37	32	31
957	856	776	664	181	134	61	59	57	46	44	35	33
974	855	780	658	191	133	57	55	49	48	42	39	36
970	851	779	639	198	142	57	57	55	49	41	39	38
974	858	795	679	182	134	66	49	47	38	37	31	30
969	888	815	650	191	105	67	59	53	43	40	31	29
968	866	789	666	186	125	63	60	51	41	34	34	29
962	841	760	670	174	150	61	59	53	49	40	38	26
967	853	771	653	200	140	68	61	54	48	42	35	35
966	871	790	647	215	118	63	56	53	48	44	36	33
975	868	784	652	213	124	67	67	56	48	34	31	29
969	857	782	664	200	129	64	58	56	42	37	37	26
969	864	791	670	176	120	60	58	48	43	39	35	29
963	851	777	675	174	133	54	50	50	39	38	37	28
963	869	789	671	185	121	59	49	49	45	45	43	29
965	857	780	659	190	127	72	62	46	44	42	40	26
970	870	793	667	169	116	56	55	54	43	43	36	35
969	853	775	630	194	128	75	62	57	51	42	32	30
979	859	794	674	175	127	58	50	49	49	45	32	29
961	886	814	667	194	105	61	50	46	46	45	37	26
972	864	772	654	202	125	73	55	43	42	39	36	29
964	853	782	675	183	134	52	46	45	41	40	37	35
967	868	783	664	184	118	68	51	47	47	46	45	30
979	869	807	664	191	117	67	56	43	37	35	33	32
973	854	778	676	165	135	63	55	50	39	37	35	27
963	849	765	662	192	130	66	49	48	48	42	35	27
962	876	800	668	186	114	54	54	52	43	36	31	29
963	853	778	665	182	137	69	56	54	49	42	38	31
961	856	790	669	188	132	72	46	44	43	40	39	33
956	859	783	652	196	133	58	54	54	45	40	37	35
959	864	776	634	200	121	65	64	62	44	38	33	32
970	860	781	647	191	130	62	57	56	52	52	34	31
974	867	802	685	185	119	52	42	40	38	37	36	30
967	849	755	655	205	143	64	63	47	41	39	39	30
962	840	778	649	200	144	63	53	48	46	40	39	35
969	872	788	647	202	116	65	58	50	42	38	30	27
958	857	785	669	171	131	54	54	43	39	38	34	30
961	865	800	703	156	126	57	51	46	45	40	35	35
965	861	789	672	197	132	58	57	48	47	40	32	30
972	880	814	670	189	113	70	49	48	47	43	35	27
968	861	786	666	186	127	54	53	52	51	49	32	29
970	884	804	668	188	106	64	59	49	41	39	36	36
974	863	789	670	175	125	57	56	56	49	43	38	30
957	862	799	654	186	130	63	59	45	39	36	36	34
962	854	774	653	193	137	67	64	58	44	41	37	32
967	877	792	675	198	114	65	49	41	40	33	33	31
965	845	776	669	193	145	54	51	45	42	40	35	27
975	856	786	682	181	139	55	52	50	46	38	36	34
972	850	789	673	176	139	59	52	45	43	40	31	29
975	846	775	680	169	144	62	55	50	46	43	41	34
971	880	806	664	189	114	59	52	47	41	38	35	32
974	861	777	693	168	130	62	58	53	43	33	31	30
965	866	775	650	199	122	64	60	49	42	41	39	25
968	863	793	647	173	122	64	56	48	44	40	38	38
968	864	796	696	172	126	55	46	43	40	34	32	30
969	867	805	670	198	122	55	51	42	40	39	38	24
972	874	789	658	188	120	64	60	52	43	38	34	33
963	847	776	652	197	139	57	56	54	43	35	32	27
963	846	769	656	197	144	63	57	54	48	45	40	39
962	861	799	658	206	129	54	53	45	38	38	36	33
965	861	782	648	189	124	62	60	47	41	34	32	32
964	886	810	666	192	105	61	54	44	39	36	27	27
964	870	785	631	200	116	66	60	54	53	44	36	28
960	877	797	652	179	112	64	64	60	54	41	30	30
956	867	799	663	181	120	58	51	47	44	41	37	37
974	854	786	638	198	136	70	63	55	50	43	40	30
958	853	789	665	187	129	57	52	49	44	43	42	36
977	861	784	673	185	128	58	54	52	38	35	33	31
961	870	792	663	195	119	56	51	45	39	34	33	30
970	874	791	660	186	113	61	54	54	45	43	35	32
968	875	801	665	178	119	62	52	52	47	42	35	28
979	856	770	669	190	136	62	58	57	43	39	38	30
967	850	774	643	205	138	60	58	48	45	43	38	32
973	867	794	669	188	120	56	52	50	40	39	35	34
969	867	790	668	207	124	65	61	46	36	36	35	34
972	867	794	663	199	125	55	54	48	41	39	36	36
972	885	808	650	188	104	66	57	55	41	38	26	24
967	849	777	674	184	142	62	53	52	50	46	43	29
972	865	781	663	193	126	66	60	46	46	40	40	31
977	862	795	653	202	128	59	55	49	42	41	37	36
969	877	805	646	212	111	65	53	42	41	40	40	34
967	854	784	669	174	139	58	52	50	48	42	35	30
5.430000	0.495076
URS00000FF435_511145


863	523	473	472	469	431	418	344	285	266	208	206	170
867	510	508	506	485	453	443	307	305	261	205	203	164
856	498	494	492	492	439	434	329	289	260	205	204	170
836	506	490	489	489	445	434	321	285	281	209	209	169
875	538	538	532	470	460	459	324	323	254	191	191	154
873	513	512	511	480	452	449	317	276	271	205	205	158
855	528	459	454	454	404	398	337	304	262	220	214	164
882	513	482	481	479	427	421	326	299	281	222	219	182
859	503	485	483	481	422	417	341	284	282	209	208	158
864	497	491	489	489	432	421	333	285	284	206	204	163
870	498	494	494	491	427	424	332	282	269	223	222	183
850	536	459	458	458	412	404	337	291	272	230	227	176
870	499	498	497	490	450	444	320	302	278	213	207	173
867	507	483	482	480	431	423	317	301	283	230	230	178
864	505	504	503	489	455	442	309	301	267	208	205	160
864	495	494	492	491	444	432	312	291	281	207	203	171
871	534	459	459	457	410	402	342	299	269	223	217	184
864	503	502	502	490	449	445	326	310	263	190	190	160
849	516	477	475	474	414	410	328	307	274	215	207	172
849	511	481	480	476	421	408	322	287	262	199	197	162
894	505	505	504	485	452	444	328	295	259	200	198	180
864	501	493	492	492	434	431	324	283	267	205	201	168
856	503	502	501	488	428	425	337	295	282	226	221	182
852	539	452	452	448	409	403	338	304	274	233	228	184
870	498	498	497	492	441	432	341	296	278	204	199	164
867	510	487	486	484	421	416	338	298	296	242	234	180
844	498	498	497	495	444	440	327	316	257	191	191	155
847	531	458	457	455	400	394	347	304	252	219	218	173
856	500	500	498	489	430	427	337	300	268	194	193	160
851	516	477	476	475	430	426	330	293	279	214	209	168
850	524	469	469	467	407	401	370	289	272	217	213	179
847	536	455	453	452	404	401	331	290	261	209	209	163
874	510	509	508	484	445	436	332	280	229	177	175	173
863	501	491	491	489	443	434	306	296	276	209	206	163
862	500	490	489	488	432	423	314	295	291	214	212	173
854	502	495	495	493	439	434	320	289	260	173	173	169
837	523	466	466	463	406	398	337	305	296	227	224	169
858	499	492	492	491	441	436	344	290	271	197	196	160
864	512	477	477	472	421	414	329	309	290	234	231	187
856	502	492	489	489	433	426	312	299	299	232	230	172
862	511	510	509	480	441	432	320	289	282	198	194	152
871	511	483	483	482	426	419	341	284	280	219	217	177
848	514	475	475	473	430	426	304	303	286	222	222	172
859	506	505	503	486	451	448	318	304	276	203	199	169
868	516	476	475	474	428	422	352	282	281	210	207	174
862	514	480	480	478	413	407	356	293	281	225	222	167
860	518	474	474	473	412	406	355	284	266	209	206	159
870	500	498	496	492	452	445	311	288	262	200	199	172
870	518	471	470	470	421	416	324	287	267	216	211	186
859	499	498	497	493	441	439	316	282	258	209	205	163
863	501	495	495	493	447	444	334	291	281	217	213	173
866	499	498	498	495	444	436	328	294	262	201	201	159
866	525	471	471	467	422	415	330	280	277	207	206	164
859	524	471	471	469	418	413	334	293	289	220	218	169
849	497	495	493	493	446	442	314	273	271	198	195	162
870	513	476	475	474	410	405	362	276	274	198	193	178
855	537	455	454	453	402	396	353	299	257	213	213	175
850	514	476	475	471	415	405	337	296	262	232	227	177
862	494	492	492	490	445	437	327	289	284	222	220	178
878	503	485	485	485	433	425	334	283	281	222	216	178
834	507	487	486	484	437	432	315	290	276	216	212	162
846	512	484	483	482	426	421	347	287	276	197	195	162
857	505	504	503	492	437	436	336	289	265	195	190	163
862	514	514	513	479	470	466	318	286	257	178	173	169
845	529	466	465	464	419	407	331	298	279	211	210	167
870	496	496	496	494	449	444	314	282	280	220	217	176
854	522	471	468	467	434	428	321	285	276	211	208	173
841	525	467	466	465	416	411	322	285	267	216	209	163
865	505	487	486	481	423	407	337	287	277	224	222	175
853	508	481	480	478	419	417	329	279	276	204	203	172
877	528	462	462	459	416	413	372	281	280	209	205	201
853	523	473	472	471	416	409	357	290	274	208	206	161
850	521	474	474	473	430	427	332	313	270	208	202	171
869	499	496	495	491	434	423	312	285	284	235	234	186
846	509	485	485	483	437	433	310	279	274	199	197	166
856	514	479	478	476	415	405	331	291	283	218	217	159
843	505	484	483	482	426	421	346	292	290	208	205	170
857	500	496	495	492	448	442	307	290	267	206	205	179
841	504	504	502	488	436	429	314	307	270	200	194	166
870	507	507	504	486	450	447	335	305	265	197	197	165
859	508	482	479	477	432	427	329	292	277	205	201	169
849	515	480	479	479	425	421	325	292	266	210	205	163
862	508	482	479	479	427	417	334	274	262	195	191	173
852	505	487	483	483	443	436	311	290	280	217	212	170
849	504	491	490	490	442	434	314	290	274	206	202	162
866	511	480	479	478	423	419	324	310	281	227	223	190
868	504	487	484	484	436	432	317	303	287	223	216	184
854	494	493	493	493	438	433	321	294	275	209	206	164
847	533	455	455	454	412	406	323	301	252	210	210	170
871	505	505	502	489	450	445	313	310	275	223	217	174
863	506	487	485	484	425	418	324	300	267	223	222	174
867	525	466	466	462	406	399	344	299	267	236	231	194
849	501	500	498	485	438	436	343	305	253	187	184	172
864	502	492	491	490	447	445	303	302	288	223	222	166
865	516	515	513	477	460	453	330	299	255	186	183	169
864	507	485	485	482	440	435	316	289	281	211	207	166
883	497	497	496	488	448	438	322	292	255	185	185	183
859	548	447	446	445	399	396	373	314	270	230	229	185
860	534	459	456	456	408	405	325	305	273	225	223	173
878	500	491	491	488	427	419	341	289	285	222	215	182
9.970000	0.170587
URS000022C879_511145


1000	930	905	856	186	129	70	66	63	57	53	48	45
1000	938	905	870	212	154	66	60	59	53	49	48	44
1000	933	906	885	223	156	64	64	57	49	45	44	43
1000	926	898	863	207	134	70	67	65	53	46	46	44
1000	937	899	877	227	128	66	63	59	56	53	51	49
1000	930	890	861	206	141	67	66	65	53	52	51	44
1000	928	912	866	203	127	76	64	57	54	50	45	42
1000	926	907	872	217	155	74	71	57	54	46	37	35
1000	934	916	877	211	132	64	64	61	53	52	38	38
1000	935	911	878	211	137	61	60	55	53	51	48	47
1000	927	891	847	230	123	75	71	70	54	53	53	52
1000	928	903	870	220	142	69	66	60	59	47	46	45
1000	925	899	858	229	133	74	68	67	54	48	48	43
1000	937	896	861	220	135	68	63	57	57	54	50	44
1000	927	884	857	232	134	77	70	68	62	60	55	53
1000	927	903	855	210	147	75	66	66	58	54	51	48
1000	933	893	881	227	132	67	65	62	59	47	45	43
1000	931	917	875	191	148	70	63	57	47	47	39	38
1000	930	913	891	189	135	68	59	55	48	47	38	37
1000	931	917	879	201	133	71	69	64	55	45	42	41
1000	934	910	875	205	126	64	62	57	56	55	45	42
1000	930	886	852	234	148	80	69	62	48	48	45	37
1000	926	897	857	227	136	76	68	59	52	47	46	43
1000	938	914	875	215	140	63	57	56	52	51	42	40
1000	929	898	864	201	162	73	68	63	57	51	44	41
1000	945	905	871	204	133	68	59	54	53	51	50	42
1000	932	903	865	200	148	66	65	64	55	54	44	42
1000	928	916	869	194	165	79	70	60	56	50	39	39
1000	926	886	851	207	137	74	69	68	65	63	46	44
1000	942	882	863	230	120	67	62	56	55	53	51	50
1000	920	905	875	202	128	73	61	60	58	53	47	45
1000	924	880	859	228	131	74	72	62	55	55	51	45
1000	929	905	877	214	133	70	62	55	49	47	47	46
1000	928	905	864	202	132	69	64	63	56	50	49	44
1000	931	929	877	189	140	70	68	61	58	47	37	36
1000	929	897	852	228	132	81	70	66	63	55	45	43
1000	933	902	872	225	139	62	61	53	48	45	42	42
1000	922	904	867	237	141	71	70	66	54	49	38	38
1000	934	919	891	222	152	66	56	55	51	46	40	38
1000	921	898	862	226	147	75	65	64	53	49	44	43
1000	932	915	873	187	158	68	67	58	55	55	39	38
1000	929	890	854	216	140	72	69	66	57	54	54	52
1000	925	911	872	191	131	73	69	56	55	47	45	44
1000	940	906	873	212	142	61	58	56	54	51	48	45
1000	937	917	880	206	143	69	64	55	45	41	40	38
1000	933	902	858	213	138	71	65	65	60	53	49	48
1000	934	922	875	186	158	71	62	49	49	44	36	36
1000	930	902	872	205	150	69	64	61	54	51	50	49
1000	929	894	853	220	149	70	69	67	63	53	49	41
1000	936	898	874	207	136	65	61	57	51	51	46	38
1000	931	904	865	203	146	73	67	59	58	56	46	46
1000	939	905	869	230	146	65	62	61	55	48	48	44
1000	934	909	877	226	139	64	62	60	56	56	43	41
1000	930	923	876	182	150	68	67	63	47	45	39	39
1000	929	879	862	224	128	70	67	61	58	55	52	49
1000	929	911	885	223	114	71	54	52	52	48	37	36
1000	942	920	896	195	144	68	55	54	52	43	32	31
1000	932	916	882	196	134	67	66	60	51	47	36	35
1000	926	891	863	216	135	72	70	66	64	48	47	46
1000	936	902	870	208	134	74	61	61	53	49	49	45
1000	932	909	867	189	145	68	63	58	56	47	44	41
1000	931	904	879	218	147	67	67	58	53	49	43	39
1000	927	904	866	211	135	73	73	69	55	46	42	40
1000	931	904	880	192	146	66	64	55	51	48	43	40
1000	935	913	881	198	146	63	60	58	55	51	41	41
1000	917	880	864	232	152	81	72	61	58	51	48	47
1000	925	895	864	222	135	72	71	61	55	44	41	39
1000	935	911	870	209	144	69	59	52	48	40	39	36
1000	929	908	869	223	157	69	64	61	53	47	40	38
1000	940	905	861	234	137	82	60	52	48	45	45	39
1000	934	912	875	211	127	67	61	61	52	42	40	39
1000	934	907	887	194	129	62	60	56	49	41	38	37
999	926	909	867	195	133	70	64	62	57	54	51	46
1000	935	905	880	199	144	61	59	57	54	50	42	40
1000	930	910	875	190	149	72	66	58	56	46	37	36
999	933	902	870	193	147	64	63	59	59	48	45	42
1000	934	903	872	213	114	65	65	59	57	53	51	49
1000	944	902	862	207	152	68	63	59	56	51	50	48
1000	931	895	861	200	123	70	64	64	59	58	58	57
1000	950	903	860	211	129	73	62	51	51	50	48	47
1000	930	902	859	219	148	68	67	60	59	51	47	45
1000	936	912	885	207	126	64	60	58	58	49	43	42
1000	928	899	866	202	141	68	66	63	56	54	54	42
1000	932	909	867	186	136	74	63	56	49	47	45	45
1000	938	902	876	203	144	65	65	59	59	53	40	38
1000	921	901	864	215	147	76	68	63	61	51	46	40
1000	940	889	871	219	141	67	60	60	58	57	52	47
1000	943	917	874	205	131	76	56	52	48	46	42	40
1000	915	892	847	194	167	82	81	68	59	53	49	43
1000	933	904	869	210	125	64	63	61	52	51	48	36
1000	942	905	881	206	131	61	57	57	53	52	36	36
1000	936	898	865	222	117	64	61	59	58	57	56	55
1000	928	907	881	213	156	70	61	52	50	47	45	44
1000	932	915	853	195	122	88	68	55	54	45	44	44
1000	941	901	875	232	138	62	62	55	52	46	46	39
1000	934	895	875	203	145	65	63	56	55	45	45	44
1000	926	894	863	220	119	69	68	64	55	53	51	42
1000	930	887	851	214	117	72	65	65	60	57	57	55
1000	944	905	881	213	150	64	63	55	53	53	50	49
1000	940	905	864	216	127	69	59	58	51	50	47	44
6.000000	0.000000
URS000028467F_511145


1000	999	965	961	956	523	521	476	131	40	31	29	19
998	997	953	952	950	550	524	480	119	49	41	40	28
999	998	966	965	965	556	542	451	153	33	30	30	20
1000	996	968	964	960	578	508	494	130	44	31	29	20
999	997	966	964	963	565	520	479	136	52	31	30	17
1000	996	977	975	975	562	514	497	131	53	23	23	22
1000	997	958	955	952	530	529	477	153	52	35	31	21
999	995	953	950	949	533	513	479	140	42	39	36	25
1000	996	950	948	946	543	512	491	139	44	44	39	30
1000	1000	960	954	954	561	501	497	142	43	40	36	23
1000	999	971	970	964	568	509	492	125	53	26	25	16
999	997	970	966	961	562	512	487	158	53	26	26	18
1000	998	969	965	961	570	499	496	118	49	30	28	15
998	997	976	972	969	552	500	498	129	50	25	22	17
1000	998	973	970	968	536	508	495	129	46	26	24	22
999	994	971	968	962	549	501	500	131	56	26	26	24
999	996	973	967	965	527	502	495	135	42	31	25	19
998	995	962	955	952	563	538	460	158	48	34	33	19
1000	995	966	959	953	542	505	505	143	45	33	28	19
1000	995	962	957	955	556	504	497	138	45	33	33	22
999	999	971	971	969	563	525	474	129	65	23	20	18
1000	998	964	960	955	554	497	493	119	45	36	28	24
998	998	974	972	972	577	508	493	127	57	25	21	20
1000	998	970	966	961	568	518	479	153	40	28	27	17
999	998	964	959	954	551	507	497	144	42	33	28	20
999	998	971	971	966	564	497	495	124	43	27	24	21
999	999	962	962	958	552	522	480	146	48	30	29	19
999	995	960	959	953	548	513	485	147	56	34	30	21
999	998	968	966	962	573	524	479	158	58	27	25	14
999	998	965	965	962	567	502	498	142	36	31	27	25
997	997	960	955	952	568	499	496	142	36	36	33	19
999	999	972	971	967	573	518	482	144	49	26	22	20
999	998	976	973	969	560	508	490	116	43	25	23	20
999	998	965	960	956	564	505	494	136	50	34	28	21
1000	997	958	956	952	534	524	481	137	54	36	33	21
1000	999	974	974	972	565	539	461	140	50	23	22	16
1000	997	969	961	959	572	532	467	139	45	35	29	18
1000	999	968	966	962	536	505	497	162	54	31	27	26
1000	998	967	964	962	569	508	488	150	46	31	28	21
1000	995	960	960	960	558	534	460	137	45	35	34	24
1000	999	960	958	950	576	506	496	128	47	39	30	18
1000	996	956	953	947	552	515	486	122	40	37	30	20
998	996	956	956	945	534	511	497	142	37	35	33	21
998	998	970	970	969	576	523	483	162	48	25	23	21
1000	1000	975	974	972	587	520	476	148	44	21	20	15
999	995	964	962	957	540	510	493	142	43	33	29	19
998	995	962	956	955	557	519	481	150	55	34	34	23
999	997	964	963	958	546	508	484	151	38	28	27	19
1000	999	974	973	965	545	525	470	129	52	21	19	18
999	999	970	963	958	544	520	486	141	52	33	22	21
1000	1000	967	961	960	525	513	492	144	39	29	28	21
1000	993	968	966	963	538	520	482	150	50	28	26	19
1000	999	968	959	959	583	520	475	144	39	32	31	21
999	999	972	969	969	555	540	464	158	34	26	25	20
999	995	959	955	952	555	513	492	145	44	38	33	22
999	998	967	964	963	546	517	476	153	43	31	28	16
1000	999	966	963	963	560	509	490	128	45	32	29	26
999	996	969	964	962	578	504	497	141	44	28	27	18
1000	999	967	962	960	560	523	473	152	43	33	28	20
999	998	975	970	966	563	510	493	136	40	25	22	17
997	995	957	953	951	551	522	478	147	40	39	32	26
1000	997	963	960	959	564	502	495	133	44	37	25	21
1000	997	963	960	954	556	508	488	130	49	34	31	22
1000	999	968	966	965	578	500	498	148	38	30	28	25
1000	999	982	978	976	583	512	490	150	54	24	20	17
999	998	969	968	965	554	499	499	134	39	27	24	22
1000	996	960	955	950	558	507	500	140	45	37	34	25
1000	997	954	953	950	545	506	490	126	48	44	40	20
999	995	968	957	956	556	504	497	131	53	35	28	17
999	996	964	962	958	561	504	503	128	46	33	29	18
999	997	961	957	957	546	518	486	143	39	35	32	17
999	997	959	956	952	561	509	484	135	48	40	31	22
999	996	964	961	958	551	515	475	150	52	29	29	19
999	997	966	965	962	548	515	477	159	41	32	26	23
1000	997	963	961	960	541	501	495	130	43	29	29	20
1000	997	966	964	959	541	502	497	134	53	31	27	21
1000	994	958	951	948	548	540	455	137	43	41	37	23
997	997	974	970	970	541	517	485	140	37	27	21	18
1000	997	956	955	953	540	515	489	140	58	37	35	24
1000	999	972	971	967	550	505	488	145	29	25	24	19
1000	998	974	972	968	590	511	497	134	61	24	20	16
999	997	974	968	966	535	524	476	137	44	24	21	16
999	998	963	962	960	549	507	489	139	47	34	29	29
998	993	960	953	949	555	527	478	155	39	38	36	20
999	999	969	966	965	572	498	498	137	49	30	29	21
1000	999	968	967	963	571	508	490	144	47	29	28	18
998	994	964	963	957	549	514	492	147	54	33	28	18
1000	999	972	972	967	567	516	486	129	44	23	19	15
1000	999	970	969	965	559	516	484	119	41	26	26	21
1000	999	972	969	965	589	520	478	136	46	26	24	23
1000	998	956	956	953	552	504	492	117	53	36	35	26
998	997	966	963	958	589	494	494	139	48	32	27	20
1000	999	964	961	959	541	506	490	123	44	34	33	23
997	997	951	951	946	560	510	480	133	43	42	38	24
1000	996	968	961	960	561	522	476	140	57	36	28	19
1000	998	969	966	966	569	511	487	137	51	30	29	19
999	999	980	977	976	577	513	481	145	33	23	20	17
1000	995	958	955	952	527	520	480	112	37	36	33	18
999	998	960	958	952	561	529	465	148	46	35	31	21
1000	999	961	958	958	548	505	494	122	34	34	33	21
9.000000	0.000000
URS000009EE82_511145


993	780	656	383	261	257	229	202	119	114	97	84	83
990	774	618	376	251	249	245	210	132	131	105	81	78
995	795	644	391	240	237	233	213	123	121	94	86	85
992	780	668	380	257	253	214	190	118	115	102	93	86
993	781	640	371	262	246	234	201	121	114	98	96	89
995	782	647	370	259	254	234	186	123	121	107	86	83
990	765	655	385	272	241	227	188	122	119	95	92	88
986	783	646	391	251	242	220	189	133	126	106	93	81
994	782	666	403	267	254	220	174	115	109	94	92	81
992	772	644	369	272	268	233	187	126	122	105	100	77
995	794	622	385	254	253	252	217	124	121	96	84	83
997	802	650	408	267	250	231	192	118	116	92	74	74
989	782	660	397	260	256	210	192	132	129	104	98	94
989	788	660	385	264	254	227	189	116	111	96	89	77
987	785	636	379	255	253	251	207	115	113	90	87	76
990	788	669	403	253	248	214	180	117	114	90	89	89
995	781	660	385	268	256	222	188	122	120	94	90	75
991	779	637	396	247	246	238	199	117	115	96	84	82
998	773	649	371	274	240	212	185	139	135	108	95	87
987	757	619	376	272	247	237	200	144	142	120	93	81
987	795	665	405	260	240	230	195	108	105	86	84	79
997	796	660	388	265	255	226	196	114	110	91	76	73
994	771	637	375	264	257	237	195	125	125	102	83	72
988	792	657	384	259	253	218	202	124	124	108	103	69
992	799	665	398	268	240	226	198	106	105	93	87	82
988	776	650	389	266	235	233	193	113	112	100	94	91
996	805	700	420	277	248	197	184	105	104	99	86	84
992	770	636	376	257	253	231	198	139	135	106	91	81
989	772	635	385	256	247	243	215	126	123	98	76	74
990	785	630	392	257	241	236	213	129	128	103	93	77
992	778	661	412	271	252	215	173	128	126	99	81	79
996	784	665	386	253	243	227	201	111	105	94	90	73
993	769	633	368	268	261	234	191	135	133	107	94	78
993	781	648	385	248	231	228	189	123	122	102	99	78
991	797	621	388	273	273	221	213	109	108	86	84	83
993	773	641	385	262	252	228	195	129	127	111	95	85
987	785	664	406	273	247	223	178	114	111	96	91	83
992	800	657	387	244	242	231	213	115	113	91	88	74
989	782	665	420	290	228	225	185	108	105	97	96	81
991	762	634	361	260	257	225	181	135	133	114	95	81
990	809	689	428	280	242	202	179	107	104	95	87	74
992	801	674	410	276	237	219	186	105	104	95	89	89
994	761	637	388	260	237	224	177	137	135	110	83	73
991	800	664	415	274	237	215	204	100	96	91	76	75
991	777	650	393	265	250	220	192	131	129	98	92	73
989	750	628	376	259	247	231	188	142	134	111	93	90
993	767	639	380	276	242	222	183	141	139	119	80	79
990	777	653	391	256	242	221	210	109	105	84	80	78
990	789	643	397	252	244	237	178	115	111	90	90	86
995	794	661	401	257	241	228	207	109	108	95	81	81
988	786	630	384	252	249	246	207	122	119	99	88	85
991	780	659	378	269	260	224	190	120	115	93	92	78
994	803	654	391	262	249	234	189	113	111	98	93	76
997	787	652	360	267	260	229	192	114	113	112	92	91
991	753	632	390	274	253	225	188	139	138	122	94	81
987	792	656	402	255	240	234	188	109	104	88	80	79
989	793	664	399	250	239	228	192	111	107	92	87	82
991	795	648	394	244	243	239	205	114	112	90	88	80
990	754	645	381	264	244	222	187	134	130	103	78	71
987	800	683	406	262	248	215	170	101	99	90	89	79
993	786	645	397	254	240	238	216	117	114	89	82	79
992	792	655	396	244	241	234	197	115	111	90	89	77
984	786	626	382	261	252	241	207	123	116	102	79	78
995	769	642	403	261	235	227	206	130	128	103	83	78
995	785	634	402	261	247	242	204	118	117	97	85	78
995	758	627	397	253	242	233	191	141	136	114	85	80
996	774	655	372	276	272	211	180	135	132	114	96	78
991	770	639	371	258	255	228	199	130	128	109	93	90
994	803	654	377	251	250	235	202	115	112	100	97	86
990	801	671	403	252	248	218	198	108	106	95	84	84
995	787	623	368	263	262	244	207	114	113	102	91	78
995	779	647	403	262	256	225	189	126	126	103	78	76
992	766	659	399	239	239	225	200	114	109	96	95	86
993	793	662	393	272	250	225	190	115	112	93	90	86
994	787	685	415	285	254	202	162	118	114	94	89	77
995	776	641	381	262	254	233	200	131	127	100	85	76
988	793	647	370	265	247	236	204	118	114	97	92	90
994	808	670	422	267	239	228	198	102	101	86	78	67
993	763	644	380	265	249	230	187	134	129	108	84	82
990	804	657	393	265	244	230	181	116	114	93	83	79
989	765	642	405	258	248	229	195	134	128	108	87	86
992	785	643	390	248	243	241	205	110	105	89	80	80
991	761	629	368	264	252	241	189	137	132	97	83	71
988	783	617	371	254	251	245	205	131	127	113	85	81
990	775	629	390	256	250	231	198	121	114	98	79	75
988	772	636	384	282	252	239	190	127	122	110	78	77
995	794	654	399	259	253	231	195	112	109	100	89	89
993	778	632	381	243	239	235	217	125	122	100	93	80
992	772	642	391	257	250	236	193	120	118	94	89	74
990	782	657	389	275	265	221	183	121	118	95	89	77
994	780	642	364	263	254	225	190	130	127	111	102	77
991	778	659	392	271	251	224	188	112	110	90	88	87
991	785	638	373	267	243	240	205	124	120	97	95	78
991	788	645	369	267	245	234	201	121	119	97	89	69
992	790	658	409	266	248	227	198	114	112	100	84	75
992	769	647	377	260	249	236	189	118	115	92	90	86
989	758	639	386	275	246	235	185	128	127	104	95	74
988	780	640	370	252	252	235	201	123	121	98	84	82
990	797	650	408	244	239	233	198	120	117	100	89	73
995	779	650	412	264	247	215	185	139	136	111	86	82
7.370000	0.482804
URS00004FF598_511145


999	912	912	880	667	176	166	95	88	87	65	44	41
1000	913	913	886	653	198	147	93	87	86	80	41	38
1000	917	917	886	658	192	151	94	83	83	72	42	37
1000	934	933	907	674	184	151	86	67	67	66	43	42
1000	891	891	854	639	179	160	109	106	87	85	60	46
1000	922	922	897	663	196	169	85	78	77	64	42	42
1000	923	922	890	675	174	154	87	76	76	75	43	42
1000	921	921	879	647	227	167	96	79	79	75	54	43
1000	927	927	890	668	195	147	85	82	73	72	46	41
1000	912	912	883	652	195	177	96	88	86	59	52	37
1000	917	917	882	665	185	155	87	83	83	79	45	42
1000	912	912	870	636	186	170	93	88	88	78	47	46
1000	908	908	869	649	184	165	95	92	90	70	52	44
1000	924	924	895	650	177	167	112	76	75	66	41	39
1000	922	922	887	677	180	146	80	78	78	71	44	42
1000	919	917	883	636	177	173	103	81	80	78	51	40
1000	921	921	891	643	203	177	95	79	78	70	47	40
1000	926	926	894	653	187	164	89	81	74	72	44	41
1000	921	921	882	665	175	149	87	84	79	78	50	44
999	927	927	896	652	190	172	88	76	72	72	44	34
1000	928	928	904	675	173	135	85	82	72	71	39	38
1000	920	920	891	667	186	170	85	80	79	59	42	38
1000	895	895	863	625	190	184	106	105	103	76	49	42
1000	910	910	866	652	184	171	90	90	81	79	57	54
1000	914	914	888	650	170	166	95	86	84	78	57	34
1000	930	930	899	677	174	160	80	70	70	65	42	39
1000	915	915	882	648	178	172	85	85	84	73	47	40
1000	937	936	906	671	183	156	77	71	63	63	42	41
1000	901	901	870	646	192	165	98	95	90	70	63	39
1000	914	914	887	651	171	158	102	85	83	63	51	41
1000	914	914	879	655	198	160	92	85	85	74	46	41
1000	927	927	898	654	184	162	101	73	73	69	41	37
1000	928	928	896	655	179	164	90	78	72	72	42	41
1000	917	916	885	672	171	147	83	83	83	82	45	41
1000	924	923	887	677	183	145	77	77	76	76	48	42
999	920	920	892	656	171	160	95	80	79	75	42	35
1000	911	911	883	645	188	164	109	89	87	74	54	34
1000	928	927	905	686	174	129	110	72	72	70	35	34
1000	920	920	892	633	190	180	99	80	80	78	46	38
1000	930	930	899	661	193	148	81	75	70	68	47	42
1000	922	922	894	677	162	139	78	77	76	73	47	47
1000	912	912	885	660	194	159	88	88	83	74	47	40
1000	918	918	880	676	187	151	83	81	81	74	47	42
1000	900	899	869	647	167	161	101	100	99	73	47	40
1000	922	922	892	664	193	155	89	78	77	72	45	44
1000	919	918	886	654	211	148	84	81	81	81	46	40
1000	920	920	889	649	209	173	84	79	79	77	44	36
1000	932	932	903	654	192	162	99	74	68	68	43	38
1000	901	901	861	648	194	174	99	97	78	70	61	52
1000	902	902	878	671	198	164	98	97	79	68	51	36
1000	915	915	881	656	191	179	95	85	85	57	47	41
1000	910	908	874	636	195	192	92	90	90	71	55	44
1000	915	915	877	675	190	167	85	85	82	64	49	43
1000	927	927	890	682	193	150	80	73	73	67	45	43
1000	930	929	902	655	196	169	77	71	70	68	46	43
1000	921	921	878	653	176	168	90	78	78	71	50	44
1000	919	919	889	658	188	163	86	81	80	70	44	40
1000	922	920	881	683	172	148	84	77	76	71	49	42
1000	914	914	878	655	186	158	86	86	86	84	44	40
1000	914	914	889	657	195	166	86	85	82	73	50	36
1000	923	923	883	680	184	157	93	77	77	64	45	40
1000	921	921	892	679	186	150	82	79	78	72	41	39
1000	910	909	879	651	196	162	90	88	87	86	45	40
1000	912	912	869	649	182	160	88	88	87	78	56	46
999	920	920	887	663	195	176	89	80	79	60	42	41
1000	906	906	877	658	171	159	93	92	91	76	45	37
1000	915	915	881	659	190	163	99	84	84	70	39	39
1000	918	918	883	676	173	139	94	82	80	75	42	41
1000	914	914	882	631	181	176	88	86	84	80	52	37
1000	919	919	895	650	187	155	93	81	81	80	43	38
1000	922	922	884	655	171	158	94	78	77	73	51	44
1000	916	914	883	663	196	158	86	84	84	74	41	40
1000	912	912	879	663	175	162	88	87	78	75	52	36
1000	893	893	860	658	185	171	107	105	80	66	52	46
1000	909	909	877	644	179	155	92	91	90	84	50	38
1000	916	916	877	650	188	178	91	84	83	72	52	48
1000	912	909	888	644	187	168	88	88	79	78	54	32
1000	903	903	877	650	180	166	97	95	91	77	54	36
1000	909	909	875	654	205	170	91	90	90	73	51	47
999	908	907	879	636	165	161	100	92	92	81	46	41
1000	925	925	900	660	181	162	92	75	74	64	41	40
1000	929	929	897	677	196	155	82	81	71	70	41	39
1000	920	919	884	691	185	131	80	80	80	68	45	39
1000	910	910	875	672	166	165	90	90	81	67	60	42
1000	907	906	876	655	174	152	98	94	94	71	44	38
1000	923	922	892	687	175	144	84	77	75	72	47	35
1000	909	908	875	643	204	179	97	91	91	69	50	44
999	904	903	878	635	194	193	96	96	84	71	54	39
1000	903	903	872	663	164	145	101	97	96	76	51	39
1000	918	918	881	674	185	159	82	82	80	64	50	46
1000	909	909	882	662	175	159	91	91	89	66	48	41
1000	918	918	888	652	213	175	82	82	81	74	42	37
1000	919	919	888	671	182	154	90	81	80	72	43	36
1000	923	923	880	664	200	167	82	77	77	75	54	47
1000	910	910	878	640	170	169	94	90	90	69	55	45
1000	910	910	873	684	184	142	90	89	84	76	49	43
1000	926	926	892	674	192	153	104	74	73	59	44	42
999	926	925	897	652	177	147	103	74	74	73	40	35
1000	920	920	883	665	183	156	91	80	79	74	43	41
1000	921	920	892	637	199	182	95	81	78	78	49	43
7.020000	0.140000
URS00002E063F_511145


1000	988	922	689	565	421	396	77	55	51	26	20	11
1000	985	910	691	574	410	394	86	58	48	34	20	17
1000	985	915	718	564	415	392	87	61	48	24	21	14
1000	987	907	703	594	384	372	89	67	53	33	15	13
999	992	911	700	592	387	374	87	69	52	21	16	11
1000	982	935	726	581	393	387	66	49	46	18	18	17
1000	991	918	698	583	389	373	82	64	54	25	17	17
999	983	923	690	593	387	368	76	53	48	25	17	16
1000	981	918	718	587	389	366	82	63	38	25	22	18
1000	993	912	696	605	381	357	85	61	47	26	22	16
1000	984	915	699	602	366	352	83	64	58	29	18	17
1000	985	906	689	590	383	366	91	70	57	24	16	13
1000	990	916	721	581	399	378	79	58	52	31	24	15
1000	989	917	699	590	395	369	82	65	56	25	21	10
1000	993	899	678	605	376	361	92	67	41	35	19	16
1000	985	901	690	593	384	356	97	68	36	34	18	15
1000	988	921	694	575	402	386	80	54	50	23	14	12
1000	989	913	671	587	395	386	86	70	59	27	14	14
1000	994	915	710	567	409	394	88	72	54	26	22	14
1000	990	915	721	594	386	366	80	56	46	24	20	14
999	987	919	714	618	364	354	78	59	51	24	17	12
1000	995	930	735	580	408	373	66	52	34	30	24	12
1000	988	928	709	584	389	382	65	47	47	15	15	14
999	990	905	708	564	419	395	94	75	59	31	20	11
1000	990	920	720	581	395	376	79	61	54	26	21	9
999	989	929	744	567	406	390	72	56	46	25	18	16
1000	983	906	680	594	387	363	95	69	48	30	27	16
1000	988	914	701	551	428	407	87	65	59	35	25	14
1000	984	918	702	584	402	379	81	57	53	25	24	14
1000	987	928	701	595	380	358	74	56	51	20	16	15
1000	982	911	721	579	399	397	89	67	56	21	18	12
1000	988	917	722	612	368	348	82	68	62	22	20	11
999	990	919	713	581	395	392	75	57	56	19	13	12
1000	986	911	714	600	376	365	86	61	51	26	15	12
1000	980	911	717	611	366	344	86	67	50	31	22	18
1000	985	913	713	568	404	381	85	64	52	26	21	20
1000	990	920	728	582	397	378	77	56	45	28	18	15
1000	977	907	669	576	392	382	91	70	50	25	21	19
1000	985	931	711	603	378	355	68	49	49	21	20	12
1000	984	917	693	567	407	406	82	58	48	29	16	14
999	984	925	698	606	366	357	73	58	48	24	15	13
1000	992	936	722	550	431	407	61	49	47	25	22	13
1000	992	920	712	568	411	397	78	62	48	18	16	11
1000	984	907	680	592	388	367	93	72	46	29	19	13
1000	992	921	725	581	392	374	75	49	42	23	22	16
1000	981	923	693	566	412	394	71	53	37	25	25	19
1000	977	923	697	584	397	383	77	58	52	26	22	20
1000	986	902	678	586	394	372	99	74	49	30	19	16
1000	985	922	709	578	398	380	76	57	47	29	22	12
1000	990	922	724	582	388	378	76	51	41	27	15	15
1000	988	912	695	573	403	383	88	71	49	30	19	17
999	988	913	703	594	390	374	87	65	38	29	15	13
1000	977	918	696	593	385	358	78	61	49	27	23	23
1000	988	915	695	622	362	345	90	69	52	25	13	11
1000	984	932	702	579	405	385	67	46	44	23	19	17
1000	979	923	694	587	392	377	76	52	44	21	21	17
999	987	904	691	603	374	361	93	69	40	34	17	15
1000	985	929	703	556	421	401	67	48	33	23	22	13
999	984	917	700	587	399	375	85	54	48	23	23	16
1000	988	913	706	592	384	357	85	61	53	29	23	12
1000	986	920	702	562	416	387	79	62	49	26	25	12
1000	987	917	705	573	397	393	82	56	41	24	15	13
1000	988	922	700	581	408	390	76	62	37	26	20	17
1000	984	930	699	563	420	401	72	51	45	22	18	15
999	988	927	708	597	384	363	73	54	46	26	19	13
1000	985	904	701	560	426	401	92	74	69	29	22	14
1000	986	914	712	610	370	353	83	63	43	20	19	14
1000	982	907	681	611	374	361	89	61	56	32	18	17
1000	983	926	708	565	414	400	71	54	54	23	17	17
1000	983	912	695	569	407	394	94	66	48	34	17	14
1000	992	923	698	604	371	366	77	59	41	21	15	14
1000	993	924	700	572	400	385	71	52	45	29	18	17
1000	993	918	706	573	405	393	81	65	57	30	14	13
1000	982	912	695	577	396	384	86	66	60	27	22	16
1000	990	921	717	563	408	393	76	55	50	21	18	14
999	985	928	697	578	408	391	69	50	48	23	16	15
1000	983	938	712	553	425	413	61	51	50	18	17	14
1000	986	910	707	549	413	410	89	64	59	27	20	19
1000	990	918	688	570	406	397	79	55	51	26	18	14
999	986	930	734	561	408	386	71	50	41	27	27	17
1000	982	929	750	588	385	366	65	51	47	20	20	18
1000	987	924	726	598	377	364	72	57	41	18	16	14
1000	980	923	682	603	374	361	77	54	53	20	16	12
1000	989	920	693	569	403	389	75	58	57	24	19	14
1000	985	915	730	560	420	402	81	62	58	24	19	15
999	988	924	686	582	402	386	79	61	50	18	15	11
1000	988	897	695	577	401	382	101	77	54	33	21	15
999	987	919	720	596	383	365	79	59	58	21	20	12
1000	986	931	702	607	367	349	67	49	37	28	22	14
998	985	911	696	561	417	409	88	63	57	20	15	15
1000	985	916	691	549	423	408	84	59	52	23	21	17
999	990	911	697	602	376	368	89	66	49	28	13	10
1000	982	917	713	595	381	358	82	59	55	25	24	15
1000	986	906	698	580	405	393	93	70	49	32	14	14
1000	979	913	709	593	390	369	82	54	41	30	22	20
1000	991	913	719	584	396	381	87	62	59	16	15	11
999	990	906	691	573	402	388	89	56	50	33	21	20
1000	988	922	696	579	388	364	80	53	45	30	23	21
1000	992	916	709	587	392	381	86	55	49	34	15	14
999	987	909	684	591	394	377	87	61	47	28	13	13
7.000000	0.000000
URS00003199EC_511145


1000	997	982	881	432	429	101	73	20	17	16	13	10
999	997	978	879	472	379	107	75	21	19	14	13	11
1000	998	983	888	469	405	96	52	20	20	16	16	14
1000	989	986	884	469	392	100	75	25	22	16	16	14
999	997	983	870	486	359	117	61	34	21	21	12	11
1000	997	989	899	451	429	91	60	27	22	18	13	11
1000	993	979	888	457	404	95	70	24	17	12	11	11
1000	993	984	883	484	379	101	83	19	17	14	14	13
1000	995	983	861	472	368	122	79	35	15	15	15	14
998	997	982	884	455	411	93	75	22	17	16	13	13
1000	997	981	888	465	398	102	85	21	20	14	14	10
1000	999	983	873	442	409	108	87	28	23	18	11	11
1000	997	983	880	464	394	107	71	27	19	16	12	11
1000	996	986	870	486	372	111	81	17	17	17	13	12
999	993	989	868	441	407	114	73	23	22	17	17	14
1000	997	991	869	450	401	117	70	28	20	14	14	12
1000	996	986	870	455	401	114	85	28	22	21	18	15
1000	1000	987	892	486	388	98	68	25	20	17	10	9
999	998	978	871	465	380	114	76	23	19	15	13	12
999	996	981	880	463	393	105	80	25	20	20	13	13
998	992	981	869	440	405	116	76	31	14	13	11	10
1000	998	981	883	449	408	100	75	23	17	17	16	10
998	998	983	882	459	405	106	75	24	24	16	16	11
999	998	985	879	458	409	101	75	22	19	16	14	14
1000	998	984	879	469	392	105	72	24	17	15	15	14
999	996	977	886	435	431	100	75	22	21	20	12	12
999	995	974	875	461	392	109	78	21	15	15	14	14
999	996	986	887	472	394	93	71	19	17	16	14	13
999	993	982	864	443	405	116	69	28	25	16	15	14
1000	997	986	878	447	413	107	54	28	22	22	15	12
999	996	981	904	452	422	88	73	28	18	17	15	11
1000	997	982	874	483	365	115	54	33	19	17	14	11
999	995	983	882	453	407	104	61	29	26	23	13	10
1000	997	978	885	461	400	98	63	22	17	17	15	14
998	995	978	863	431	410	123	71	23	19	17	13	13
999	993	982	887	464	406	101	76	23	14	13	12	11
1000	995	979	890	465	400	96	76	20	16	15	15	13
1000	995	987	893	482	397	93	75	25	21	19	14	13
999	998	987	882	467	402	106	76	20	20	14	14	12
1000	994	984	872	474	370	114	73	25	21	13	12	11
998	997	983	873	435	422	116	70	29	18	18	13	12
1000	997	981	879	449	414	107	77	21	16	14	13	10
1000	998	983	876	472	378	111	74	21	15	14	13	13
1000	997	981	871	468	374	118	83	20	18	13	12	11
1000	998	983	894	477	397	96	68	21	16	16	10	10
1000	995	988	893	486	386	99	73	26	22	15	14	8
1000	994	980	875	458	394	113	84	24	20	18	14	13
999	994	987	894	438	432	95	76	22	20	12	11	11
1000	995	982	881	468	388	105	63	22	18	14	14	14
999	997	983	874	446	408	110	67	27	21	20	19	13
1000	998	970	883	445	413	103	70	22	17	14	12	12
1000	998	986	889	465	402	97	75	22	18	14	12	12
1000	993	982	861	450	387	123	54	25	16	15	13	13
1000	995	995	881	459	409	112	63	26	18	17	17	10
1000	994	994	891	471	402	98	73	30	19	17	11	10
999	994	986	879	471	391	106	74	19	17	14	13	12
1000	996	985	886	478	389	103	63	18	16	15	10	10
1000	997	990	882	467	400	109	77	27	19	14	13	11
1000	997	987	878	485	376	108	69	32	21	18	13	11
1000	996	991	886	465	407	102	57	20	17	13	11	11
999	993	986	878	457	401	106	72	28	22	16	12	12
1000	997	977	883	436	421	103	68	23	22	18	16	13
1000	996	971	907	464	417	86	69	20	19	15	12	10
1000	993	985	879	439	418	106	69	30	24	15	14	12
999	997	980	886	477	381	101	78	24	19	13	13	12
1000	994	987	867	440	407	114	83	31	27	18	17	14
999	996	978	883	466	401	106	70	24	23	14	13	11
999	994	982	890	461	411	96	83	21	20	18	15	14
1000	996	985	880	454	407	104	71	26	21	20	16	11
1000	996	985	885	494	367	100	81	17	16	15	13	11
1000	994	989	874	468	386	115	70	26	17	16	12	11
999	998	983	880	434	425	105	68	25	19	17	16	14
999	996	985	858	467	373	113	85	29	21	20	19	19
999	995	981	874	476	369	113	69	26	23	20	13	13
1000	996	980	870	443	408	117	76	26	20	18	14	13
999	996	983	884	452	411	105	68	27	15	14	12	11
1000	995	988	875	447	406	107	76	25	21	18	16	14
998	994	983	864	465	378	116	68	21	20	18	17	10
1000	997	982	879	440	412	100	67	23	21	20	15	15
998	995	981	884	470	391	96	59	19	18	18	16	13
1000	997	986	889	446	415	98	79	23	22	13	13	12
1000	994	986	873	454	395	117	75	27	24	14	10	9
1000	996	986	884	481	387	102	80	22	20	14	14	14
999	998	991	882	458	408	103	75	26	20	15	11	11
1000	997	987	888	495	376	96	75	24	23	19	16	15
1000	995	988	894	472	406	89	73	20	17	16	16	11
1000	997	983	885	447	408	102	79	24	21	15	13	11
1000	995	986	880	474	390	107	72	28	27	14	12	12
999	994	987	875	488	370	114	74	26	22	20	12	12
999	995	984	881	476	390	96	81	18	18	13	13	11
999	995	984	875	437	419	113	65	25	21	19	15	14
1000	994	980	890	465	406	98	71	27	16	14	13	13
998	998	986	885	475	391	101	82	26	24	23	14	12
999	992	988	886	468	399	102	80	29	18	15	15	13
1000	994	991	876	476	388	107	65	36	19	11	10	9
999	997	985	890	481	382	101	64	26	25	14	13	9
1000	996	985	866	426	422	119	67	24	19	16	14	12
999	997	988	880	447	413	101	65	27	20	19	19	18
1000	990	983	875	452	400	106	73	19	18	14	12	12
1000	996	985	904	450	433	83	72	22	20	19	13	13
6.960000	0.195959
URS00004CF48A_511145


1000	979	838	671	525	159	79	66	62	46	44	42	38
1000	984	860	694	534	136	72	71	60	58	47	35	34
1000	982	863	674	542	137	77	53	52	51	46	41	40
1000	981	871	696	549	129	80	74	55	48	43	32	30
1000	970	884	658	545	114	82	78	58	50	43	43	41
1000	988	873	694	551	125	71	66	61	51	49	36	32
1000	979	871	693	524	127	71	67	67	67	55	42	38
1000	983	852	665	505	144	81	61	60	51	48	42	38
1000	980	878	682	547	122	74	64	58	49	49	39	32
1000	984	851	682	560	148	78	69	58	53	51	36	36
1000	983	866	687	536	133	86	60	56	56	50	39	36
1000	983	849	656	515	150	84	62	57	56	45	44	42
1000	983	851	680	516	148	71	62	57	55	55	41	40
1000	990	869	675	542	131	75	61	56	51	50	39	38
1000	979	879	665	531	120	79	63	63	63	48	42	33
1000	978	879	684	554	121	76	67	65	56	41	33	32
1000	986	834	659	520	164	75	61	54	54	50	46	45
1000	983	852	673	543	146	66	57	56	53	47	47	46
1000	985	854	690	528	145	67	60	56	54	53	35	34
1000	987	860	689	555	138	69	65	64	53	49	44	37
1000	990	872	689	529	128	66	65	61	55	50	41	37
1000	977	839	666	506	160	78	63	60	52	48	43	39
1000	985	844	667	532	154	70	68	54	48	45	45	44
1000	976	866	662	536	132	78	55	53	50	42	42	41
1000	978	882	666	527	117	78	68	54	54	50	39	36
1000	981	861	670	546	138	79	63	55	51	40	40	38
1000	985	881	709	589	119	74	63	60	42	37	30	29
1000	983	846	687	511	153	77	61	60	56	50	44	39
1000	981	846	654	528	154	85	65	58	51	43	42	36
1000	974	849	684	518	149	73	67	62	61	42	39	37
1000	980	861	665	549	138	75	70	65	48	38	37	33
1000	982	874	677	555	126	75	60	59	51	47	35	35
1000	988	851	685	514	147	82	50	48	47	44	36	36
1000	983	846	685	544	153	69	60	59	56	40	36	33
1000	982	844	688	533	155	70	62	60	55	47	39	38
1000	978	878	661	537	119	72	67	63	51	50	39	36
1000	987	866	676	557	133	65	64	59	49	34	34	34
1000	987	835	667	503	162	65	59	57	53	46	43	41
1000	985	866	691	538	134	65	63	56	55	54	34	33
1000	980	854	659	531	145	86	62	57	43	40	35	35
1000	984	866	683	547	134	86	66	58	51	44	42	41
1000	976	861	671	520	139	92	70	59	55	53	36	36
1000	979	877	693	543	121	77	70	55	53	47	40	35
1000	983	867	660	553	132	71	57	56	54	46	46	44
1000	982	883	663	532	116	76	68	62	60	55	41	34
1000	980	843	683	528	157	75	73	60	58	50	43	38
1000	978	859	684	530	140	76	74	62	54	52	36	35
1000	980	851	659	525	146	73	66	65	54	52	51	40
1000	979	873	677	526	124	72	69	65	60	58	38	36
1000	980	861	656	540	138	74	58	54	46	44	44	35
1000	982	858	668	516	142	83	65	60	59	41	41	38
1000	980	859	663	534	139	80	70	62	55	52	47	43
1000	986	871	665	549	127	75	60	58	51	47	44	39
1000	987	871	668	542	127	82	59	58	57	52	38	35
1000	981	861	671	540	137	72	67	60	56	53	36	35
1000	980	869	665	535	131	68	68	61	59	46	46	40
1000	980	874	673	529	120	79	74	71	70	45	39	33
1000	981	866	689	546	133	68	60	57	54	40	38	31
1000	982	862	702	547	138	73	52	52	51	47	41	40
1000	977	869	661	512	130	75	74	72	65	43	41	37
1000	978	846	641	510	152	84	74	56	55	46	45	38
1000	974	851	667	515	148	88	67	55	54	44	44	37
1000	980	850	665	529	149	75	62	53	47	47	46	38
1000	979	860	701	562	139	70	68	53	52	50	35	35
1000	979	883	660	522	116	92	63	55	47	46	35	34
1000	979	860	652	527	137	95	64	61	55	47	43	41
1000	984	853	651	498	145	74	72	66	54	53	45	43
1000	976	843	682	547	155	78	67	62	52	43	42	39
1000	983	857	670	528	142	74	56	54	52	52	45	44
1000	978	875	679	536	124	68	59	51	47	43	43	41
1000	981	876	670	545	123	75	70	63	60	47	30	29
999	982	882	675	540	115	98	73	64	55	48	41	37
1000	980	832	660	534	163	64	63	55	49	47	44	32
1000	972	842	679	522	158	71	62	55	51	50	44	43
1000	985	869	676	546	131	79	61	58	44	41	36	34
1000	986	861	682	529	139	67	64	62	59	57	40	36
1000	984	865	680	535	134	83	79	56	51	46	41	40
1000	978	864	669	515	134	82	73	57	53	49	42	37
1000	983	872	676	542	128	70	67	58	56	53	33	33
1000	982	853	660	513	146	80	68	53	49	48	45	38
1000	981	847	661	514	152	82	60	60	50	48	38	34
1000	980	867	672	532	132	81	61	60	58	47	37	33
1000	984	854	671	528	146	79	65	60	58	44	42	40
1000	985	871	709	576	129	70	50	48	46	43	38	38
1000	979	868	686	556	128	72	54	50	47	41	40	37
1000	974	867	665	515	132	87	74	73	62	44	42	40
1000	987	860	692	542	140	70	67	61	54	51	42	34
1000	981	881	702	562	118	82	68	60	59	52	34	31
1000	981	849	660	528	148	69	62	57	50	49	46	42
1000	983	885	691	576	114	76	58	57	45	44	34	34
1000	978	868	670	544	128	69	62	60	52	43	40	37
999	977	862	675	522	138	73	69	62	53	49	40	39
1000	981	866	659	524	133	84	70	66	50	48	39	35
1000	978	868	673	516	131	81	65	61	60	53	42	35
1000	985	886	689	564	111	80	73	63	50	47	28	27
1000	984	876	693	558	122	72	67	60	52	51	40	32
1000	977	880	681	556	120	74	64	62	57	46	39	37
1000	978	876	678	543	123	79	70	66	54	46	37	31
1000	982	859	659	531	141	77	73	66	53	50	42	41
1000	979	872	666	535	127	74	67	60	48	45	42	38
5.980000	0.140000
URS0000093D11_511145


1000	998	979	711	661	235	71	37	19	12	9	8	6
1000	1000	984	683	639	227	86	42	13	12	11	4	4
1000	998	981	701	660	217	82	46	15	13	10	9	6
1000	997	989	702	642	225	77	42	11	6	6	6	6
1000	997	983	744	673	223	88	37	13	10	6	5	5
1000	993	975	697	652	221	79	37	17	17	6	5	4
1000	998	982	676	635	230	76	55	15	13	12	9	7
999	998	979	690	652	207	86	45	18	13	9	7	7
1000	998	987	728	668	227	82	44	9	9	8	6	5
999	999	991	702	636	245	86	42	9	9	8	6	5
1000	997	988	679	641	219	102	46	12	10	9	6	4
1000	999	978	726	655	206	72	33	15	15	7	6	5
1000	999	991	688	640	214	78	45	7	6	6	6	6
1000	999	983	694	626	227	92	39	13	12	10	7	5
1000	997	979	683	648	217	74	50	18	12	8	7	6
1000	998	979	688	659	201	96	45	20	13	10	8	6
1000	996	980	716	664	220	71	44	16	12	6	6	6
1000	1000	991	707	674	210	81	44	10	8	8	7	6
1000	994	985	676	651	205	88	43	12	12	7	7	6
999	997	982	709	639	219	80	46	14	13	12	6	4
1000	999	989	731	642	225	69	54	9	8	7	7	6
1000	999	988	691	667	206	75	46	11	9	8	6	5
999	999	987	704	643	206	83	42	11	10	10	6	5
1000	998	980	696	624	223	78	57	18	11	9	7	5
1000	998	979	719	624	228	67	49	17	12	10	5	5
1000	996	983	709	632	217	81	43	14	13	7	6	6
1000	997	984	705	637	196	91	41	13	12	11	8	7
1000	998	977	668	653	205	87	37	18	18	10	10	6
1000	997	982	725	667	200	89	49	16	12	8	5	4
1000	997	982	689	669	218	85	33	16	9	9	6	6
1000	997	978	710	632	209	107	52	18	17	8	7	7
1000	998	985	685	657	217	85	33	13	12	9	6	6
1000	998	983	700	638	233	88	54	12	10	9	5	5
1000	999	987	702	661	208	88	37	12	10	10	8	6
1000	998	987	712	622	211	87	42	12	9	6	6	5
1000	999	984	703	647	203	77	40	13	12	8	5	4
1000	997	982	711	639	211	88	42	16	12	7	7	7
1000	998	981	709	654	205	85	39	16	13	6	6	6
1000	996	979	662	633	234	80	37	17	11	7	6	6
1000	1000	986	707	608	236	77	45	11	10	8	7	7
1000	998	980	690	646	178	96	35	17	16	11	8	4
1000	998	984	677	646	231	72	38	12	12	10	8	8
1000	996	984	688	621	230	73	35	14	9	9	6	4
1000	996	984	702	626	232	88	41	15	13	11	10	6
1000	998	979	704	662	229	92	41	17	14	8	8	6
1000	998	985	712	627	221	83	45	11	7	6	5	5
1000	996	987	693	629	202	94	47	9	9	8	7	7
1000	998	992	719	653	234	66	38	12	7	5	4	4
1000	997	986	681	630	216	83	51	10	9	6	4	4
1000	998	985	683	663	232	62	41	11	8	6	5	5
1000	1000	984	718	627	186	65	53	13	10	10	9	5
1000	999	985	710	654	218	87	35	12	12	8	6	4
1000	999	980	711	641	217	92	38	16	12	8	8	6
1000	996	980	714	641	232	83	43	16	12	12	6	6
999	997	984	684	646	216	69	52	12	12	9	8	6
1000	999	985	716	637	217	66	46	11	10	8	8	5
1000	997	980	697	616	225	82	41	12	11	7	6	4
999	995	983	697	649	211	94	45	16	11	10	10	8
999	995	987	710	624	203	99	47	11	11	7	6	5
1000	1000	978	690	656	217	81	51	20	15	10	7	5
1000	999	988	699	640	214	80	44	11	10	9	8	4
1000	995	985	725	621	240	83	38	12	11	10	8	7
999	999	982	697	649	194	82	39	14	12	8	5	4
1000	998	984	721	652	214	83	36	13	11	7	7	6
1000	994	988	699	640	208	70	48	10	9	8	7	6
1000	998	982	673	639	229	80	32	14	10	7	7	5
1000	997	988	709	661	223	88	37	14	11	8	5	4
1000	998	992	706	626	225	75	37	10	8	8	7	6
999	998	983	706	644	221	74	36	14	14	7	6	6
1000	997	976	726	602	207	76	43	15	14	10	7	6
1000	998	984	680	636	227	67	43	10	8	8	7	5
1000	999	987	727	615	214	81	35	11	9	7	7	4
1000	998	978	679	641	223	86	43	22	16	11	9	7
1000	996	982	701	631	229	89	42	12	11	8	7	7
1000	999	984	695	619	232	86	38	14	11	10	7	4
1000	998	981	698	645	221	91	34	15	11	9	7	6
1000	997	991	701	636	222	81	39	14	8	8	8	7
1000	996	991	697	635	238	93	46	10	7	6	5	5
1000	996	983	699	644	244	74	43	14	14	8	8	6
999	998	983	709	635	199	89	43	12	11	9	8	8
1000	999	984	700	640	232	95	47	14	10	7	6	6
1000	999	982	688	637	219	86	35	14	11	11	5	5
1000	998	989	692	655	232	76	39	10	9	7	6	5
1000	998	985	681	639	219	87	51	13	11	8	7	6
1000	999	985	703	626	229	87	43	12	11	8	4	3
1000	1000	982	728	611	205	85	49	17	11	10	7	7
1000	998	984	700	643	209	83	50	15	11	6	5	4
1000	1000	981	696	670	211	68	45	17	14	8	5	5
1000	998	976	701	653	185	90	36	16	15	11	10	4
1000	998	991	714	659	214	80	49	11	9	9	6	6
1000	998	979	703	658	209	99	46	15	14	10	5	5
1000	996	986	713	627	214	83	43	11	9	7	5	4
1000	997	985	701	644	189	96	46	13	11	8	6	6
1000	995	989	700	655	203	80	44	10	9	8	8	6
1000	996	981	699	664	219	98	45	16	11	7	5	5
1000	998	984	709	641	228	89	35	12	9	8	8	5
1000	998	983	696	661	218	78	45	15	12	11	6	6
1000	998	983	714	662	225	83	35	14	12	6	6	5
1000	997	977	699	642	216	72	46	19	13	8	5	4
999	999	988	729	657	240	75	45	10	7	7	7	4
6.080000	0.271293
URS00002D98B8_511145


999	995	928	876	629	241	207	86	81	38	37	34	33
1000	997	915	851	582	254	196	110	71	47	45	40	22
999	996	908	851	583	267	195	107	72	42	40	39	25
1000	996	917	858	581	271	215	100	79	53	51	47	25
998	991	923	888	610	271	206	79	74	47	38	35	28
999	993	923	878	604	266	200	90	85	43	42	42	31
1000	995	932	879	612	262	207	80	72	33	32	30	23
999	993	923	875	609	263	211	94	76	49	48	47	20
999	991	925	887	605	265	201	78	75	42	41	41	25
999	993	921	873	599	273	192	84	80	45	44	43	23
999	992	920	867	596	266	202	99	73	51	48	46	26
1000	992	928	885	622	253	191	78	76	40	40	39	22
1000	992	928	897	610	271	213	76	69	40	40	32	29
1000	991	916	859	574	279	224	96	76	40	37	36	32
1000	995	931	874	615	252	198	96	74	43	41	40	16
1000	993	933	884	636	246	192	89	86	38	38	38	21
1000	993	919	872	607	258	180	100	71	48	46	41	30
999	989	937	874	611	258	181	93	93	38	32	31	21
999	994	934	870	571	294	196	89	83	38	35	34	30
999	993	915	863	602	261	197	92	66	52	48	45	27
1000	991	917	880	571	298	216	86	68	46	42	41	19
999	993	919	869	577	276	198	92	79	46	44	41	24
1000	991	929	888	592	286	180	85	80	37	34	32	30
1000	996	923	874	592	269	194	91	84	39	37	37	29
1000	997	917	873	599	263	221	91	78	44	42	40	26
998	991	935	885	612	270	190	81	81	28	27	26	22
998	989	917	879	610	262	177	89	72	42	38	36	23
1000	996	921	875	600	269	252	85	84	49	46	40	29
1000	988	919	879	612	255	189	88	82	36	35	33	19
999	997	920	887	610	265	185	97	79	46	42	40	25
999	992	923	874	610	262	199	81	75	42	39	35	26
1000	991	927	872	590	289	196	87	71	36	34	30	30
999	990	911	853	562	284	205	114	74	49	43	41	16
999	995	936	873	604	264	184	89	85	35	35	34	23
999	995	914	860	592	262	198	98	87	43	40	39	22
1000	989	923	866	617	244	225	100	72	41	37	37	20
999	992	930	878	582	293	195	89	79	37	37	37	25
998	990	926	869	584	288	200	80	74	34	33	32	30
1000	991	914	877	610	257	226	88	79	49	48	46	28
1000	991	908	853	570	289	186	94	73	45	42	40	21
998	992	903	858	594	257	198	104	80	50	49	44	25
1000	988	907	880	579	294	196	85	81	52	43	40	16
1000	987	927	880	598	270	212	82	72	38	37	35	25
1000	997	906	870	583	279	208	90	78	55	48	48	24
999	992	913	862	572	277	204	107	95	54	49	46	22
1000	988	912	860	583	271	194	106	78	49	41	40	25
1000	980	918	864	575	288	196	85	79	41	39	39	31
1000	991	920	880	613	269	217	88	68	41	35	34	29
1000	997	913	848	584	262	211	105	76	47	44	43	28
998	992	910	862	603	256	219	86	68	42	41	36	22
999	991	928	876	609	258	198	93	71	37	35	34	24
1000	991	917	879	571	290	208	89	65	51	49	43	31
1000	992	916	860	573	274	185	106	71	49	49	45	20
1000	992	925	888	607	276	193	81	70	41	40	38	28
999	994	917	878	598	274	201	90	76	39	36	36	23
999	996	928	883	607	268	183	88	85	44	40	36	27
1000	993	913	871	575	287	183	97	75	52	51	48	25
1000	994	924	870	588	277	208	95	76	42	41	38	23
1000	991	912	875	609	256	190	96	83	48	45	44	22
1000	991	920	858	619	240	224	84	75	36	36	32	25
1000	993	916	868	587	269	188	98	67	48	47	40	26
999	996	934	891	614	271	194	77	75	33	32	31	27
1000	994	928	895	631	258	205	75	67	41	40	39	25
1000	994	933	893	617	272	194	77	71	32	31	29	18
1000	987	918	875	593	283	205	81	77	40	40	39	29
1000	994	905	866	612	254	179	91	76	58	53	52	22
1000	996	924	880	612	265	203	84	67	45	45	39	19
1000	992	915	882	570	299	212	94	91	50	47	44	21
999	994	916	865	602	262	220	93	83	42	42	39	27
1000	989	924	875	607	262	197	87	71	42	32	32	27
1000	994	930	891	621	255	206	90	80	41	36	36	26
999	990	907	861	581	272	190	89	85	48	46	44	18
999	991	916	868	580	285	184	87	86	50	48	47	23
1000	990	920	869	590	275	208	91	71	37	37	36	34
999	989	922	874	569	296	200	83	78	37	33	32	30
999	994	923	857	605	251	205	98	73	43	35	32	24
998	995	917	872	592	282	208	93	73	49	44	43	22
1000	994	904	854	586	259	190	99	79	47	47	46	22
999	993	914	855	577	266	231	109	72	50	50	47	27
998	994	929	872	596	274	202	93	76	43	40	37	25
998	994	933	883	592	286	212	86	64	38	36	36	26
1000	992	930	875	585	278	208	89	79	37	35	33	26
1000	995	923	872	600	266	194	95	93	44	43	43	33
999	991	920	873	612	260	222	86	82	46	43	42	22
999	993	928	885	618	258	202	95	88	41	38	37	17
1000	994	907	861	564	289	216	88	77	53	52	50	26
1000	991	922	874	579	288	202	82	80	37	36	33	29
998	995	925	873	616	255	212	96	73	46	44	43	35
1000	987	919	876	589	279	189	96	74	47	44	40	21
999	993	944	897	585	312	195	94	74	34	33	31	23
999	992	916	862	568	287	219	93	75	45	43	37	23
1000	994	926	868	593	270	198	99	82	42	36	35	28
999	993	914	874	593	270	200	87	82	45	44	42	30
1000	992	928	887	591	289	197	85	72	41	37	36	23
998	989	923	870	601	261	194	100	93	48	43	40	27
1000	993	913	878	587	275	191	89	78	47	43	40	30
1000	988	923	870	596	266	197	85	82	36	34	29	22
999	993	905	862	598	254	215	100	53	53	53	51	24
1000	993	911	869	570	296	189	89	69	55	52	51	22
999	994	919	878	604	265	184	87	73	49	43	42	27
7.000000	0.000000
URS000052A6C3_511145


959	887	721	702	539	364	331	298	184	183	122	82	79
960	899	727	712	528	392	307	288	196	174	111	82	71
964	891	692	679	503	374	321	282	200	189	113	92	86
958	882	719	702	545	384	312	298	206	180	106	83	77
957	882	717	698	519	355	336	302	182	177	113	85	84
942	879	699	665	505	373	334	287	210	181	130	85	78
964	904	706	694	520	376	304	299	210	194	129	83	72
951	889	722	703	533	385	305	297	203	164	102	92	78
955	892	714	699	520	380	306	301	202	167	105	98	75
973	904	735	723	569	407	304	277	216	171	105	83	78
954	883	695	669	516	363	329	295	212	212	144	84	76
950	903	728	707	530	389	309	292	207	183	117	69	64
962	901	738	725	546	388	320	275	201	164	99	83	82
963	897	704	694	548	398	306	284	212	193	122	90	78
965	912	747	729	547	397	324	270	229	166	95	72	69
957	892	710	694	527	382	307	304	190	188	121	81	76
957	894	726	705	546	385	310	295	209	170	102	92	75
963	908	736	718	555	388	318	282	177	162	106	89	86
968	899	707	696	521	369	317	304	189	188	121	93	72
959	892	729	712	547	387	306	288	210	185	117	80	75
958	890	733	718	573	423	282	281	209	174	117	87	74
946	882	712	689	506	376	311	301	196	190	132	82	80
968	905	738	716	541	381	322	284	189	169	107	79	67
952	901	737	723	543	399	320	277	182	167	99	69	68
957	904	733	717	551	402	303	283	207	184	111	72	69
957	888	721	705	536	385	313	295	204	177	115	85	80
956	898	724	709	537	392	308	291	195	179	110	81	67
967	924	737	722	550	399	318	278	234	180	113	74	66
967	905	750	737	584	424	308	263	199	168	94	82	70
958	888	713	700	542	390	300	298	202	178	104	95	78
956	899	715	700	529	386	306	300	199	196	118	75	74
955	905	703	686	519	380	314	298	198	190	121	80	76
954	884	712	697	529	411	302	276	175	167	116	84	73
963	913	729	721	539	398	308	279	191	180	105	75	71
966	915	724	713	538	407	297	287	185	180	125	78	69
959	920	759	741	562	396	331	259	218	157	101	76	70
958	890	753	739	578	399	327	261	207	148	92	80	72
964	909	719	700	547	377	311	300	209	187	123	80	77
959	906	720	703	536	396	297	293	198	184	106	85	83
959	898	732	714	541	388	313	286	181	171	113	79	68
964	896	740	723	530	387	327	276	202	164	101	84	83
952	898	725	703	534	392	309	297	224	172	112	84	75
964	907	742	719	557	397	321	281	196	175	119	77	70
956	895	734	716	541	397	305	284	177	166	99	78	77
959	900	731	711	533	391	313	287	186	167	105	84	75
951	896	718	696	526	374	310	304	198	197	126	70	70
955	896	717	699	531	376	311	301	192	176	123	87	75
960	905	725	704	547	389	306	295	188	180	115	88	82
962	900	722	709	532	386	310	291	210	171	109	86	70
968	918	742	729	552	415	303	271	201	175	112	79	73
959	879	716	699	527	368	314	301	205	171	108	91	71
969	906	728	709	536	395	302	291	188	180	116	84	80
957	899	733	719	564	413	293	281	186	174	108	76	72
956	907	710	690	520	380	310	304	200	189	134	77	74
957	905	734	714	536	398	306	286	203	176	123	76	75
963	895	719	705	564	415	295	290	194	172	110	88	78
955	890	726	707	535	414	292	283	200	158	93	93	76
961	896	721	705	527	384	314	294	196	180	122	82	72
963	899	714	696	536	356	327	304	194	186	128	77	70
966	897	739	727	560	428	284	273	192	163	108	78	68
970	910	707	699	531	384	303	301	191	178	119	91	66
965	908	727	715	541	395	309	284	200	177	107	82	79
967	901	736	721	524	397	306	279	178	168	119	85	82
969	908	718	710	563	420	290	274	190	188	114	92	83
951	889	700	681	503	374	318	300	203	188	140	86	78
954	889	730	707	569	395	301	293	189	162	97	90	79
959	891	712	701	536	383	310	299	202	194	115	82	81
963	895	746	728	563	390	327	272	182	172	110	83	76
950	883	704	686	523	359	314	313	188	187	119	81	77
959	887	707	691	498	369	311	309	185	180	116	92	78
956	892	724	708	546	399	295	292	204	174	109	81	79
957	900	733	712	537	393	309	287	200	182	118	71	69
952	896	722	702	554	402	298	295	194	185	112	70	70
961	902	714	699	539	392	300	293	186	183	121	83	77
949	879	724	706	534	385	314	294	180	171	108	82	80
949	895	746	723	542	400	311	277	201	175	117	72	69
953	911	722	703	530	389	300	297	198	195	130	69	62
962	907	712	696	512	362	324	304	198	170	106	100	75
966	889	694	681	526	389	319	290	187	184	128	100	95
961	905	723	712	517	367	332	288	201	165	99	88	83
955	905	732	708	551	396	301	292	207	176	121	78	72
939	870	695	674	519	394	326	273	187	181	104	89	80
960	902	721	706	544	399	298	294	208	175	110	87	66
950	903	731	711	560	398	304	289	203	171	97	81	76
963	907	720	705	537	383	316	295	195	183	118	79	72
961	899	705	695	522	376	309	305	186	183	125	94	90
948	891	720	697	513	375	303	302	198	177	114	97	84
956	881	699	686	536	394	314	284	213	189	109	86	78
955	885	704	686	530	363	314	311	193	181	114	97	77
949	888	713	693	541	391	307	289	196	184	111	84	82
958	898	723	708	538	395	300	291	216	179	107	75	68
962	894	742	722	552	387	327	278	180	169	111	73	71
951	901	737	714	551	403	296	286	186	176	107	76	74
957	901	733	712	527	377	323	288	209	171	110	77	62
952	897	720	703	514	367	325	296	199	184	121	78	75
954	889	706	687	510	345	334	313	193	185	132	92	75
953	891	739	715	554	388	317	284	209	166	102	78	76
950	885	739	720	547	410	305	280	179	162	94	90	79
954	899	734	712	550	400	300	288	179	171	106	81	81
960	901	724	709	549	405	296	290	191	182	105	88	76
8.760000	0.512250
URS00004C383B_511145


982	861	841	649	644	272	150	127	54	51	46	43	42
979	879	845	662	661	264	152	118	48	46	43	39	37
981	858	838	626	624	287	156	136	51	50	43	39	39
981	877	841	618	616	304	153	147	43	42	42	39	34
978	850	839	628	627	299	156	121	55	49	46	45	41
978	856	855	626	624	281	136	120	56	54	52	46	39
980	866	842	589	587	338	166	151	47	43	43	40	39
982	853	833	617	613	307	160	130	52	49	47	43	42
982	863	829	623	620	293	168	138	52	51	50	48	42
975	856	854	625	620	287	142	137	53	49	47	40	37
975	852	822	628	625	304	176	127	56	48	47	45	43
981	861	849	631	631	293	146	146	55	52	49	42	38
980	865	850	645	645	272	147	135	48	47	45	41	41
977	842	834	598	595	318	157	150	50	48	45	40	40
980	855	843	613	610	305	153	139	57	56	49	44	42
979	873	827	630	629	293	167	130	50	48	40	39	39
979	843	843	619	613	312	149	132	55	52	45	44	42
982	864	835	611	609	307	161	152	56	55	51	51	47
978	859	853	624	620	290	149	132	63	51	44	44	43
981	870	811	647	643	272	184	123	59	45	42	41	36
982	862	836	587	584	334	155	154	48	45	43	40	40
978	878	827	616	615	321	163	148	55	45	45	40	36
975	855	836	603	601	303	161	133	54	51	47	45	42
976	877	836	613	612	315	158	135	58	49	47	43	39
980	871	852	622	619	299	142	137	44	42	42	37	37
987	874	842	630	629	298	143	130	59	53	51	42	41
979	851	818	616	611	302	171	134	57	54	46	44	43
973	864	829	633	627	276	159	119	52	48	46	43	40
977	855	822	626	625	295	166	119	58	49	47	46	42
980	882	835	635	635	294	160	128	48	41	40	40	38
980	867	847	621	621	297	145	133	63	45	44	38	38
974	828	818	617	616	296	173	126	58	53	48	46	43
978	861	824	644	642	285	173	140	51	50	48	42	38
988	886	840	645	644	276	153	129	52	51	41	37	35
980	861	850	623	622	300	145	138	47	45	44	38	35
978	865	813	613	611	310	184	151	69	65	41	40	40
982	858	830	620	618	308	165	151	59	50	46	45	44
980	867	830	628	625	297	166	132	52	45	40	38	36
976	859	841	615	612	299	152	142	54	50	45	43	41
985	862	832	625	622	293	162	133	57	52	45	44	42
985	879	835	636	634	291	159	130	63	46	42	41	36
985	869	828	638	635	277	165	130	54	50	46	43	41
980	869	850	635	634	281	144	132	54	49	47	44	44
977	876	858	614	613	304	151	139	51	43	42	41	39
979	857	838	623	619	290	156	143	56	53	45	44	43
974	868	832	641	639	271	162	134	61	52	49	46	44
972	865	833	617	613	287	163	143	50	42	42	38	38
977	857	831	614	613	291	159	147	47	47	46	42	41
977	855	847	630	626	291	143	122	56	52	51	47	44
976	869	829	596	595	323	163	142	48	48	43	42	42
977	865	827	606	606	320	165	158	55	50	49	47	44
979	852	827	628	626	288	163	139	56	49	48	45	45
979	869	846	643	639	272	147	137	51	47	44	41	40
978	869	826	624	622	304	167	150	53	53	45	38	38
982	868	840	612	607	294	154	135	58	49	46	46	45
976	848	830	628	625	310	166	137	56	53	51	42	40
975	874	841	640	637	276	149	125	52	49	45	44	43
980	867	818	630	630	291	175	136	50	46	42	42	40
979	872	837	609	607	318	157	154	58	50	46	40	36
976	863	856	617	612	299	141	119	54	47	47	40	39
984	857	839	618	617	298	150	122	59	50	47	44	44
983	867	825	621	621	298	167	138	51	43	42	41	39
978	855	853	627	625	292	147	144	55	51	49	41	34
981	874	837	630	628	291	150	132	59	53	47	44	42
981	860	833	616	614	286	163	129	50	49	46	43	42
988	871	822	642	642	268	167	121	51	49	47	44	42
983	855	840	621	620	300	153	139	50	47	47	43	41
982	880	815	633	629	290	177	126	69	50	42	41	40
985	889	849	650	648	280	155	148	57	43	41	35	33
980	854	833	617	616	307	158	128	52	46	42	41	39
984	866	852	614	611	299	142	134	59	49	48	46	39
982	860	843	617	613	286	149	133	52	50	48	43	40
976	879	842	669	663	244	149	118	52	40	39	39	37
978	869	845	615	613	294	146	127	63	46	43	40	38
980	857	831	623	622	286	164	111	56	52	49	46	41
974	879	850	627	625	294	144	140	50	46	40	37	35
980	844	843	618	617	281	153	128	59	52	51	47	46
979	865	852	625	623	289	147	141	55	45	43	39	35
983	871	859	630	624	292	134	129	54	44	44	40	38
978	884	857	629	626	282	137	116	50	48	42	39	39
976	862	834	626	624	292	160	125	61	48	42	42	39
982	855	816	588	587	335	172	163	47	46	45	42	40
974	857	833	621	615	305	159	120	54	51	46	44	44
978	854	827	610	605	307	168	136	45	44	43	42	41
982	866	825	639	637	262	167	135	56	51	43	43	37
979	870	832	613	612	327	163	161	56	45	38	37	37
982	863	852	641	640	283	145	123	43	43	42	41	40
978	885	830	626	623	301	162	135	55	51	45	42	33
977	854	837	637	634	286	158	127	56	52	50	47	38
973	857	823	617	614	296	169	134	47	44	41	39	38
974	861	837	615	611	298	152	140	47	43	43	42	41
978	865	821	614	612	306	168	134	53	52	51	46	38
982	860	828	626	625	308	160	148	54	53	50	45	45
982	881	854	623	621	289	144	142	62	46	44	40	38
979	869	840	612	606	308	154	146	48	47	46	45	43
976	863	856	638	636	280	132	131	57	43	41	40	39
980	876	829	601	600	314	164	156	54	49	45	41	35
985	872	821	635	635	277	171	122	60	49	42	41	36
982	865	836	630	627	302	161	122	56	52	52	46	46
965	852	850	632	632	296	148	144	49	49	47	45	42
6.280000	0.448999
URS00004CF2CF_511145


1000	991	867	855	782	125	111	107	64	46	28	24	19
1000	994	838	836	758	156	148	131	69	48	40	27	21
1000	999	871	860	781	128	115	105	61	48	24	22	19
1000	989	858	846	781	131	118	106	64	46	32	27	20
1000	997	879	868	795	118	108	96	62	39	35	27	23
1000	993	861	849	773	132	120	107	68	46	29	27	23
1000	995	881	871	792	114	105	93	56	36	29	25	23
1000	994	838	825	769	157	149	139	77	34	31	24	18
1000	996	848	837	762	147	141	127	74	56	30	24	21
1000	993	863	857	778	129	120	110	73	47	29	21	19
999	993	853	848	785	140	122	114	71	39	32	27	22
1000	995	869	857	780	126	114	109	61	46	28	27	19
1000	993	848	841	775	145	133	116	76	42	38	29	18
1000	990	859	849	771	131	117	114	73	50	35	20	18
1000	996	856	839	778	140	133	123	77	37	29	19	16
1000	994	840	832	779	154	143	124	86	39	30	29	17
1000	994	889	872	805	105	101	90	56	46	19	18	17
1000	993	841	827	751	152	136	128	85	50	33	23	19
1000	995	854	843	785	141	131	116	68	38	30	25	24
1000	996	860	854	787	136	129	104	60	42	31	30	17
1000	992	861	851	784	130	123	105	61	50	29	25	18
1000	988	860	850	771	128	112	110	75	43	34	20	19
1000	995	864	852	778	130	118	112	71	45	27	25	18
1000	993	865	856	780	129	118	103	66	50	26	24	20
1000	996	854	847	795	140	129	117	67	49	34	30	25
1000	996	847	827	749	149	140	121	80	60	35	27	17
1000	994	858	850	774	136	128	119	76	36	29	24	19
1000	995	864	853	777	131	119	102	66	43	30	29	19
1000	995	865	854	770	129	117	106	69	29	29	28	24
1000	994	864	858	788	130	121	114	71	47	29	25	18
1000	995	822	809	743	172	160	135	72	54	44	39	27
1000	997	865	858	785	132	119	110	61	36	25	22	19
1000	994	854	847	768	140	128	117	70	45	29	24	23
1000	991	856	839	768	134	120	115	66	44	30	21	21
1000	993	860	846	771	133	116	103	62	40	31	31	22
1000	994	848	835	765	146	133	116	68	38	38	30	19
1000	996	874	851	790	121	110	102	55	38	26	20	17
1000	995	874	862	776	121	110	102	58	36	34	21	20
1000	994	849	836	767	145	133	121	77	39	35	25	21
1000	994	846	839	758	147	129	116	71	45	39	32	26
1000	995	864	854	795	131	116	105	79	48	27	25	19
1000	994	877	868	797	117	102	91	57	49	31	27	20
1000	995	855	841	767	138	126	120	74	46	29	18	18
1000	988	861	850	793	126	121	109	60	47	24	18	15
1000	992	883	873	798	110	97	89	51	41	25	22	22
1000	994	867	847	767	127	118	106	62	44	30	25	23
1000	993	866	850	767	126	120	108	61	43	22	20	19
1000	995	865	859	765	130	119	107	69	37	25	24	23
1000	992	840	828	749	152	143	128	71	45	28	28	24
1000	990	858	850	756	132	123	115	63	44	27	24	17
1000	992	856	847	778	136	125	112	68	42	32	27	25
1000	995	855	846	770	140	127	114	71	38	36	26	20
1000	995	868	851	777	127	114	102	65	42	29	26	15
1000	994	863	855	789	130	119	101	64	34	30	30	24
1000	990	875	860	800	115	104	96	57	36	30	19	18
1000	990	865	859	786	125	109	97	61	41	35	28	20
1000	994	862	845	769	129	118	106	68	34	25	23	21
1000	996	851	838	771	145	134	123	75	34	27	27	23
1000	998	861	846	777	137	125	119	71	38	27	21	20
1000	993	845	831	762	148	139	129	73	39	36	23	22
1000	996	875	864	796	121	111	97	56	43	33	25	24
1000	995	866	859	789	129	122	109	67	38	34	23	20
1000	996	878	865	774	117	103	92	59	40	30	26	25
1000	991	849	844	780	142	131	120	70	44	33	23	22
1000	996	867	858	781	129	121	106	61	42	24	23	21
1000	995	862	854	783	133	123	116	74	46	35	17	15
1000	998	866	854	782	132	119	115	70	36	26	21	20
1000	996	852	847	765	144	129	114	79	49	37	31	17
1000	993	855	845	763	138	127	115	69	56	34	24	21
1000	993	873	860	804	120	111	102	68	28	20	19	18
1000	993	849	839	770	144	128	124	75	45	40	21	20
1000	992	866	857	782	125	110	107	66	37	31	22	20
1000	999	849	842	792	149	136	121	71	40	31	29	25
1000	991	846	834	777	145	135	120	72	48	26	25	24
1000	996	879	868	781	117	111	92	61	35	26	25	25
1000	994	861	847	778	133	121	108	65	51	25	25	21
1000	993	846	834	765	147	132	120	70	40	34	27	19
1000	991	855	842	761	137	123	116	67	36	34	28	23
1000	996	854	844	778	142	120	119	70	45	42	24	23
1000	996	872	862	793	124	117	94	49	48	31	28	27
1000	995	860	849	778	135	122	114	61	33	29	23	22
1000	998	860	851	781	138	122	111	64	44	36	26	24
1000	992	857	846	759	134	123	120	73	44	28	21	14
1000	993	860	847	766	133	122	114	73	41	33	19	18
1000	994	859	850	781	135	127	109	71	50	26	24	19
1000	993	874	866	785	119	112	98	63	52	26	23	22
1000	992	855	841	789	137	123	113	63	44	26	26	19
1000	991	849	837	766	142	133	121	74	37	26	21	21
1000	992	856	846	756	136	129	111	63	41	32	25	22
1000	989	844	832	764	145	125	125	81	43	34	33	21
1000	993	864	851	784	129	115	107	64	46	38	25	22
1000	991	849	840	772	142	131	119	65	41	29	23	20
1000	991	868	858	778	123	107	102	60	43	31	25	22
1000	995	860	851	773	135	123	112	64	56	34	33	24
1000	997	842	836	768	154	140	131	80	47	34	24	24
1000	996	867	854	783	129	123	104	70	33	31	29	26
1000	991	879	867	791	111	100	87	51	47	24	24	20
1000	995	853	838	769	142	122	120	65	43	41	27	27
1000	987	871	863	792	116	106	96	59	35	23	21	21
1000	995	867	856	799	128	114	106	63	39	33	22	20
8.000000	0.000000
URS000009F4BF_511145


1000	967	909	837	297	234	81	79	70	51	32	27	20
1000	984	941	871	294	258	71	67	53	33	16	11	10
1000	972	930	859	280	238	90	73	63	35	28	20	16
1000	971	917	851	278	237	75	73	66	44	29	22	19
1000	976	935	837	273	249	92	65	55	36	24	17	16
1000	974	943	865	289	223	79	69	48	27	25	21	19
998	976	937	873	283	251	69	68	53	35	23	11	9
1000	975	940	868	302	255	66	66	48	35	24	14	14
1000	972	931	862	282	219	74	65	64	40	27	23	21
1000	974	936	868	276	245	84	62	61	36	26	19	19
1000	969	925	844	267	258	81	79	68	40	31	23	20
1000	968	928	843	283	243	82	78	68	32	31	25	24
1000	972	939	862	272	244	79	75	57	28	26	21	18
999	976	937	862	267	254	75	59	59	32	24	21	15
1000	966	932	867	301	250	82	62	57	34	33	23	23
1000	976	935	858	280	237	87	72	57	36	23	18	15
1000	973	937	869	285	221	69	69	54	27	27	22	19
1000	970	919	849	278	256	91	74	67	44	28	25	23
1000	973	937	868	292	231	80	67	55	30	27	21	15
1000	958	911	839	271	248	76	76	64	41	38	32	31
1000	962	911	848	279	246	82	74	67	41	38	30	26
1000	969	938	874	294	232	90	58	56	30	29	21	17
1000	970	939	850	276	255	79	78	56	30	30	25	25
1000	972	939	864	290	243	66	64	59	28	27	23	18
1000	975	935	871	266	254	74	62	61	29	25	18	15
1000	967	930	852	301	221	70	66	61	37	32	20	20
999	980	939	868	261	248	84	69	55	36	18	15	13
1000	964	914	849	268	237	81	79	67	41	35	29	19
999	965	914	841	275	235	81	74	72	44	33	26	26
999	968	924	844	279	263	74	68	64	39	32	21	20
1000	970	925	858	275	229	72	67	60	43	30	22	21
999	972	930	841	276	274	88	71	64	35	28	21	16
1000	983	940	862	295	229	70	65	59	37	16	15	12
1000	967	922	854	274	239	77	66	65	39	32	23	22
999	966	921	857	273	249	73	71	64	39	34	25	21
1000	972	919	843	293	247	80	75	67	44	28	25	21
999	966	916	823	256	241	88	82	69	46	33	29	24
1000	967	933	850	252	252	82	72	59	31	30	26	21
1000	976	934	869	286	240	67	64	63	31	23	17	16
1000	981	928	847	271	213	82	77	64	45	18	15	14
999	973	924	851	279	238	87	77	66	39	26	20	19
1000	974	929	869	314	227	88	62	52	42	25	16	12
1000	978	942	870	283	246	75	66	54	30	22	15	13
999	978	939	862	285	238	72	61	58	32	21	17	15
1000	975	941	858	263	246	81	68	53	31	24	18	17
1000	969	909	828	261	251	83	80	78	55	31	22	21
1000	973	932	840	276	261	83	61	59	35	27	16	16
999	976	941	858	280	267	82	81	52	28	23	18	15
1000	968	921	842	272	243	80	73	70	45	30	23	21
999	977	919	866	278	260	72	70	55	45	23	16	13
1000	969	931	846	280	241	78	68	62	38	28	22	17
1000	972	917	830	273	239	83	75	60	49	28	22	16
1000	976	926	839	301	246	82	68	65	41	24	20	19
1000	977	928	846	271	250	78	70	67	45	22	19	18
1000	980	940	868	284	236	79	72	53	32	19	16	15
999	971	922	834	276	223	82	70	67	45	26	21	18
1000	972	932	867	276	248	81	68	61	33	27	17	17
1000	968	925	871	297	218	81	70	52	35	32	20	19
997	977	936	852	263	219	86	85	60	32	23	20	14
999	970	909	840	266	229	80	80	72	49	30	20	19
1000	971	941	853	280	244	83	80	51	27	25	22	19
998	964	925	847	273	249	85	74	68	37	36	25	24
1000	980	940	857	285	232	91	79	52	34	20	15	13
1000	961	914	832	261	231	81	77	76	39	37	33	25
1000	972	923	859	292	255	73	67	59	43	28	23	16
999	968	926	842	266	250	85	77	69	41	32	22	21
999	972	931	849	291	220	80	78	66	34	28	21	21
1000	968	917	848	266	237	77	74	64	44	32	23	17
999	972	931	839	280	241	88	77	59	34	28	22	15
1000	966	920	840	298	241	75	74	74	45	33	23	23
1000	981	931	861	289	259	73	64	58	42	19	16	12
1000	976	936	862	268	239	89	73	56	37	24	17	15
1000	974	937	861	277	256	73	71	53	30	25	19	14
1000	962	899	812	259	237	94	78	72	57	37	29	22
998	968	931	851	272	237	75	69	64	36	32	24	20
999	977	938	857	297	237	80	72	55	27	23	19	18
1000	974	934	859	287	232	86	71	62	36	26	22	19
1000	979	930	852	282	252	76	65	57	38	21	18	18
1000	971	931	838	263	248	92	81	62	35	28	23	22
1000	974	928	874	277	259	80	65	58	34	25	20	18
1000	964	923	852	261	236	81	72	67	36	31	25	22
1000	980	942	859	270	264	77	71	52	32	19	13	10
1000	977	939	860	261	239	77	72	54	31	23	18	13
1000	975	936	845	295	236	85	62	57	37	24	15	15
1000	971	939	858	263	259	82	82	55	29	27	20	20
1000	974	925	848	267	265	77	68	67	45	24	16	15
999	968	930	846	266	243	83	78	66	33	32	25	24
1000	975	935	861	290	245	69	65	62	35	25	19	16
1000	959	923	816	278	217	97	67	65	41	37	24	18
999	976	942	866	269	233	93	75	49	30	21	16	15
1000	975	934	858	274	248	69	68	63	43	25	16	14
1000	965	913	848	288	253	75	74	63	48	33	26	22
1000	969	920	841	273	257	77	73	64	43	30	23	21
1000	976	930	865	274	257	78	63	58	42	23	18	14
1000	972	942	856	282	244	77	75	54	28	25	19	16
999	968	918	844	277	241	74	72	70	42	29	24	22
1000	975	935	839	268	231	95	82	54	38	24	18	13
999	968	923	853	313	215	70	68	64	43	32	27	19
1000	971	932	869	287	227	74	65	58	31	29	25	16
999	966	926	831	281	215	90	72	65	34	33	27	23
6.010000	0.099499
URS00002D9DE2_511145


991	824	541	540	441	432	309	271	245	208	113	100	90
988	836	540	539	456	440	300	265	254	211	116	102	80
988	834	546	544	458	435	314	255	245	199	102	86	82
980	840	562	562	447	433	290	272	239	224	105	89	89
987	827	536	533	446	444	308	268	254	206	112	104	99
975	837	541	541	442	435	321	271	237	219	103	87	85
992	850	536	533	438	438	300	264	259	207	111	95	72
983	849	534	533	455	424	311	272	251	218	111	98	77
984	834	503	501	469	409	320	269	253	211	130	111	97
989	847	497	497	463	423	326	297	249	182	118	103	75
985	828	531	530	465	421	306	279	267	224	121	105	91
989	827	520	518	445	440	308	263	249	211	112	98	95
984	834	540	537	460	418	302	278	254	225	114	95	84
987	832	542	540	474	419	303	252	251	190	108	97	83
979	833	540	539	436	427	295	260	252	207	111	91	77
989	837	536	535	459	437	291	262	258	218	118	98	78
991	828	537	532	441	439	311	256	249	204	111	95	88
990	836	576	574	455	441	287	284	232	223	98	96	77
992	838	545	543	456	431	283	261	255	215	117	99	78
989	832	541	541	446	439	299	259	249	201	103	94	91
984	840	531	528	438	428	326	252	234	226	102	82	80
979	855	508	506	444	438	348	269	248	194	99	89	82
986	854	561	559	450	444	274	254	246	216	122	104	81
990	847	529	527	452	420	290	268	263	212	124	103	70
986	840	528	523	440	423	317	267	263	205	110	86	77
987	827	487	485	434	420	341	261	245	190	122	104	83
989	843	557	557	465	433	286	282	248	226	108	97	70
980	834	507	507	475	407	306	291	257	201	136	119	94
990	834	535	533	470	413	291	272	270	213	120	93	78
981	850	512	511	434	429	314	265	252	194	121	103	79
985	844	511	508	460	424	315	266	256	213	125	103	78
989	843	512	512	476	413	319	273	263	205	120	97	83
990	831	524	522	452	424	313	263	253	207	106	93	82
978	841	541	541	443	426	314	247	241	201	92	84	82
982	824	554	553	457	401	296	283	238	233	99	87	81
981	850	548	543	448	446	294	250	244	220	110	100	83
992	827	542	541	459	422	309	273	239	236	105	85	81
989	838	554	554	449	433	301	251	233	217	106	95	78
992	848	529	528	457	422	326	246	235	200	101	88	82
992	832	550	548	446	437	303	267	239	217	110	97	92
986	840	499	498	458	413	318	283	252	201	125	95	80
991	843	537	530	445	438	324	279	237	222	101	84	76
983	840	553	553	464	424	314	271	224	214	97	85	84
989	864	512	507	446	436	319	282	246	188	121	111	73
989	830	506	505	440	439	329	258	245	190	111	100	80
987	828	519	518	443	425	306	266	262	204	121	106	83
991	838	560	560	465	421	290	253	237	205	110	94	85
986	829	529	528	445	434	334	257	251	197	94	89	78
987	829	530	530	432	430	316	264	240	208	115	101	88
986	830	523	522	451	447	299	274	240	191	120	103	81
982	846	531	529	444	439	308	269	239	214	111	85	82
987	821	526	524	461	420	305	271	262	205	126	108	88
984	847	519	517	453	423	310	261	248	218	122	104	81
989	844	515	515	446	433	314	266	253	209	111	93	81
991	811	504	503	444	427	338	273	256	203	111	94	82
992	832	522	518	467	421	329	273	263	218	104	93	85
988	834	532	531	459	422	319	266	256	219	107	87	86
985	836	538	538	449	421	323	260	243	197	94	86	74
990	829	529	528	448	422	305	277	260	206	120	101	84
994	841	541	541	451	436	287	256	248	211	114	98	75
986	821	549	546	462	427	297	261	254	220	102	95	83
987	814	515	510	437	435	340	274	247	203	102	98	76
986	849	533	531	456	438	298	257	253	200	102	83	81
984	828	528	528	443	420	321	253	228	227	101	89	82
987	828	532	530	453	412	306	264	258	215	110	93	89
992	853	531	528	443	429	304	260	260	207	116	102	77
984	814	540	538	447	426	329	263	236	202	98	92	78
988	851	517	513	475	416	290	289	258	204	128	107	83
991	841	543	541	459	425	308	284	258	226	110	84	79
988	843	566	563	468	415	295	284	252	237	98	80	79
985	824	532	531	446	438	298	261	251	200	121	107	82
987	850	531	527	455	435	296	270	253	195	111	92	83
984	847	550	548	476	410	295	266	246	242	108	95	85
987	841	569	568	454	419	291	271	233	222	91	91	69
984	811	531	528	444	422	323	267	239	214	101	91	85
984	829	529	527	448	432	308	253	252	206	115	94	92
984	830	522	520	453	422	333	245	240	193	103	90	90
991	842	527	526	444	435	323	260	254	194	106	90	81
990	821	512	511	463	429	314	290	262	194	128	116	94
991	842	509	507	480	401	316	284	277	209	116	102	71
989	842	552	548	439	426	303	262	233	211	102	90	75
993	854	568	567	457	448	299	262	233	223	97	81	74
988	849	528	527	463	433	325	255	251	191	101	88	83
991	840	520	519	450	421	297	277	247	200	133	116	82
986	840	534	532	445	435	305	258	249	215	112	97	87
985	815	497	496	450	431	346	253	249	193	117	104	104
987	851	543	541	465	435	300	277	249	226	116	103	90
981	846	521	521	438	430	329	255	253	209	102	81	79
984	843	524	522	463	428	298	277	247	203	120	102	85
988	826	549	546	472	416	290	259	243	240	105	88	87
986	835	531	529	465	418	298	264	262	224	119	102	87
986	829	532	531	462	408	301	267	260	217	120	98	77
985	813	504	504	436	433	335	258	258	198	110	102	91
986	832	530	529	453	421	312	244	233	186	101	86	82
984	837	508	504	443	423	336	272	262	195	112	95	82
986	837	552	549	457	431	327	269	223	222	79	77	71
990	852	538	537	452	449	306	257	255	208	120	99	78
985	838	536	535	449	427	308	270	254	213	105	91	81
986	840	542	539	451	437	306	272	241	223	113	100	79
981	840	540	533	445	429	307	261	244	215	107	86	77
8.970000	0.298496
URS00002F9CDD_511145


1000	999	996	966	965	36	29	18	16	16	15	13	12
1000	1000	998	978	971	34	18	17	10	9	8	8	8
1000	1000	1000	963	956	31	25	23	18	17	16	15	12
1000	1000	997	961	956	25	18	18	17	16	14	13	11
1000	1000	999	970	956	32	29	29	13	12	11	11	10
1000	1000	997	966	951	35	27	17	16	13	13	13	10
1000	1000	1000	957	948	25	24	19	19	16	15	15	15
1000	1000	1000	957	953	31	23	22	16	16	15	12	11
1000	1000	998	971	948	30	17	17	14	11	10	10	9
1000	1000	996	974	961	30	24	21	16	13	12	11	10
1000	1000	999	977	976	32	23	22	14	11	11	10	7
1000	1000	997	976	961	30	20	18	15	12	11	10	10
1000	1000	999	969	954	27	26	20	18	16	15	13	9
1000	999	996	958	944	37	36	24	24	19	16	15	11
1000	1000	997	974	953	42	29	23	18	13	11	11	11
1000	1000	997	971	960	26	22	20	17	13	12	12	10
1000	999	996	964	960	27	25	21	17	17	16	16	13
1000	1000	998	958	952	38	28	23	19	17	16	15	13
1000	1000	999	960	959	28	25	20	17	13	12	11	10
1000	999	996	980	957	33	22	19	17	14	14	9	9
1000	1000	1000	974	966	33	24	22	17	15	13	12	9
1000	1000	999	976	967	32	26	17	15	15	12	11	7
1000	1000	997	980	957	32	32	19	15	11	10	9	8
1000	1000	1000	973	964	37	23	20	19	16	15	12	12
1000	1000	997	978	956	28	23	20	14	13	12	8	7
1000	1000	997	974	955	39	34	21	16	16	15	13	10
1000	1000	996	969	964	39	27	18	18	17	16	12	11
1000	1000	995	968	958	29	25	21	17	15	15	11	9
1000	1000	997	973	967	31	27	27	15	13	12	11	9
1000	1000	995	966	957	27	24	22	15	15	15	15	15
1000	1000	999	967	955	38	25	19	15	14	13	11	11
1000	1000	999	967	955	30	22	22	18	18	17	15	10
1000	1000	998	970	954	27	25	20	17	17	15	14	13
1000	1000	997	975	965	27	26	19	15	13	10	10	9
1000	1000	996	971	956	29	29	23	14	14	12	11	8
1000	1000	1000	971	966	32	20	17	14	9	9	9	8
1000	1000	994	965	956	26	25	21	18	18	17	14	10
1000	1000	998	974	958	36	29	13	12	11	10	9	8
1000	999	996	966	949	22	20	17	16	15	14	13	13
1000	1000	999	969	953	36	26	20	19	16	15	14	12
1000	1000	996	962	955	40	26	24	20	18	17	16	16
1000	1000	998	968	953	33	21	21	18	17	15	12	11
1000	1000	996	977	961	33	19	17	16	15	11	10	10
1000	999	995	974	961	26	22	20	13	12	11	8	8
1000	1000	997	975	960	26	24	22	14	14	11	10	10
1000	999	997	984	975	36	23	19	11	8	6	6	6
1000	1000	996	974	963	34	30	17	14	11	10	9	8
1000	1000	998	976	958	34	31	28	15	12	11	10	10
1000	1000	998	976	962	36	28	23	14	12	11	11	8
1000	999	995	969	946	30	24	20	20	16	14	13	12
1000	1000	995	967	965	28	23	20	19	14	13	11	11
1000	1000	999	969	962	38	28	21	15	13	13	11	9
1000	1000	997	961	959	40	22	21	17	15	15	14	12
1000	1000	998	962	958	28	27	27	22	21	19	16	14
1000	1000	997	970	962	30	23	19	17	14	11	9	8
1000	1000	996	968	959	32	30	25	17	14	12	11	10
1000	999	995	974	964	27	27	26	13	12	10	9	8
1000	1000	997	971	950	28	26	24	19	18	16	12	11
1000	1000	996	977	969	36	27	24	15	13	10	9	7
1000	1000	998	977	956	32	21	17	16	13	10	10	9
1000	1000	995	968	958	32	26	17	14	13	13	11	10
1000	1000	998	977	962	32	26	25	20	14	13	12	11
1000	1000	997	978	968	44	25	16	14	12	9	9	6
1000	1000	999	972	970	34	27	17	13	13	11	8	8
1000	1000	997	963	948	39	32	21	20	18	17	14	10
1000	1000	997	976	968	30	26	12	12	10	8	8	7
1000	1000	998	972	963	37	20	15	15	12	12	11	11
1000	1000	996	979	968	27	26	24	12	9	7	7	7
1000	1000	997	970	960	37	34	17	16	13	13	12	9
1000	1000	997	964	952	41	23	20	18	17	15	15	10
1000	1000	999	971	962	28	25	23	17	13	12	10	9
1000	1000	998	974	970	28	24	19	16	12	9	8	8
1000	1000	996	966	961	40	24	20	18	17	13	12	9
1000	1000	998	969	952	42	26	23	21	16	16	14	11
1000	1000	998	954	952	37	35	23	19	18	17	17	16
1000	1000	995	965	963	33	28	18	17	13	13	13	11
1000	1000	998	970	958	26	23	23	21	19	18	15	10
1000	999	996	969	954	29	25	25	21	18	16	16	15
1000	1000	996	968	964	33	29	23	17	12	11	11	11
1000	1000	999	974	968	27	23	20	13	12	11	11	11
1000	1000	999	971	956	28	27	25	21	17	16	15	13
1000	1000	998	965	960	45	23	22	18	17	15	14	10
1000	1000	998	964	955	28	27	26	23	21	17	15	13
1000	1000	999	976	957	27	27	26	17	11	9	9	9
1000	1000	998	966	956	39	25	22	14	14	12	12	12
1000	999	995	972	965	29	22	17	15	14	13	10	9
1000	1000	999	965	954	27	23	22	21	15	14	14	12
1000	1000	999	971	968	24	24	18	16	11	10	10	10
1000	1000	998	970	963	46	24	20	17	13	13	12	12
1000	1000	1000	974	959	28	27	21	14	13	11	10	7
1000	1000	997	976	966	29	24	20	12	12	8	8	7
1000	1000	998	972	966	24	20	19	18	17	15	12	10
1000	999	999	975	963	37	27	22	13	12	11	10	9
1000	1000	997	978	975	28	26	20	17	11	11	8	6
1000	1000	997	970	969	34	30	20	17	13	12	10	9
1000	1000	998	971	964	29	24	20	19	17	15	15	11
1000	1000	995	973	970	38	29	25	15	15	13	12	11
1000	1000	999	970	964	50	26	24	16	15	14	13	8
1000	1000	998	960	959	32	27	23	16	13	13	12	12
1000	1000	998	975	960	33	28	21	10	10	9	9	8
8.490000	0.830602
URS0000036214_511145


1000	1000	999	951	948	770	262	126	68	46	46	44	38
1000	999	997	949	946	764	281	133	61	48	47	45	30
1000	999	997	949	948	788	279	122	57	48	48	45	27
1000	999	997	945	943	780	243	124	55	50	50	49	32
1000	997	995	939	929	748	276	137	64	60	58	56	29
1000	999	997	950	946	767	269	134	56	48	47	45	26
1000	999	998	949	947	778	260	104	48	47	47	43	35
1000	999	998	940	936	765	256	97	65	57	57	56	35
1000	1000	996	946	944	772	256	117	55	50	49	46	30
1000	999	997	937	934	739	286	130	72	56	56	54	31
1000	999	998	950	949	775	257	123	56	46	45	43	33
1000	997	996	948	941	777	240	121	58	48	46	46	37
1000	1000	996	956	953	777	294	119	54	39	39	38	33
1000	999	997	954	952	770	286	128	64	44	44	44	33
1000	999	996	939	938	757	273	112	66	57	57	53	28
1000	1000	999	949	947	750	279	130	70	48	48	47	34
1000	999	999	934	934	757	269	108	69	63	63	61	28
1000	999	995	940	940	758	278	128	66	56	56	53	32
1000	999	998	959	957	767	286	143	56	36	36	34	32
1000	999	997	948	943	780	258	107	68	51	50	50	29
1000	1000	998	942	941	741	275	116	79	55	55	54	31
1000	998	996	940	933	748	272	111	77	56	55	54	27
1000	999	999	952	943	760	297	102	70	46	44	43	30
1000	999	995	960	958	785	274	124	67	35	34	34	34
1000	999	998	941	936	768	268	127	66	54	53	52	25
1000	999	996	948	946	757	282	127	62	46	46	41	32
1000	1000	1000	940	938	746	275	126	70	57	57	57	41
1000	1000	995	950	946	785	250	132	62	48	48	46	32
1000	997	997	941	938	755	274	116	63	54	54	53	26
1000	1000	994	942	942	737	301	133	82	52	52	49	37
1000	1000	996	955	952	770	274	122	69	43	42	42	36
1000	999	998	961	959	768	286	133	70	37	37	33	33
1000	998	996	954	947	768	291	114	65	41	40	39	31
1000	1000	996	948	946	772	263	120	69	49	48	46	34
1000	998	995	958	952	766	283	149	63	41	41	40	29
1000	1000	1000	940	939	757	291	138	60	56	56	55	28
1000	998	995	952	948	786	267	127	57	47	47	47	29
1000	998	996	945	942	747	283	127	81	53	53	51	32
1000	1000	1000	958	955	777	254	126	79	41	41	41	27
1000	998	998	959	957	787	269	123	68	38	37	36	35
1000	998	998	949	947	776	259	100	61	45	44	43	32
1000	1000	998	943	933	745	285	126	87	56	56	53	32
1000	999	998	958	957	770	273	124	70	40	40	36	32
1000	999	995	948	948	752	307	128	72	46	45	44	28
1000	1000	998	948	941	763	279	137	64	51	51	49	32
1000	999	998	959	957	786	266	115	69	39	39	38	33
1000	1000	999	952	950	780	264	128	63	48	47	46	25
1000	999	998	939	936	759	272	137	61	58	56	56	30
1000	999	996	942	940	780	245	125	60	53	53	53	33
1000	997	997	942	938	777	277	103	55	55	52	50	28
1000	997	997	950	944	755	293	131	57	49	48	47	31
1000	1000	997	942	939	758	286	119	65	55	55	55	29
1000	999	997	939	938	739	289	134	83	59	59	58	35
1000	1000	999	954	948	767	271	124	71	45	45	45	28
1000	998	998	957	955	776	275	120	71	41	40	39	25
1000	999	999	949	947	779	262	120	57	47	47	45	30
1000	1000	999	944	939	762	273	132	61	53	53	51	32
1000	999	998	944	941	766	273	131	57	52	52	50	35
1000	1000	997	959	957	806	248	122	55	38	38	36	31
1000	998	996	959	953	755	300	134	75	36	36	35	35
1000	997	996	958	953	773	280	120	65	39	39	37	32
1000	999	997	943	938	770	277	119	72	56	56	52	29
1000	1000	999	953	950	766	300	133	56	46	46	45	27
1000	998	995	955	950	768	273	114	58	44	43	43	28
1000	999	997	940	936	771	263	123	62	59	58	55	31
1000	999	996	947	937	774	253	127	64	51	50	49	28
1000	999	999	948	942	753	282	113	81	47	47	45	27
1000	999	995	957	956	766	268	121	76	40	40	39	21
1000	998	998	961	959	791	279	119	59	37	36	36	35
1000	998	990	954	948	757	286	127	76	43	42	41	39
1000	1000	996	949	943	763	282	134	62	51	49	49	36
1000	997	996	954	948	756	275	124	63	43	43	43	26
1000	1000	997	948	947	758	278	143	73	48	48	47	29
1000	997	997	947	944	760	274	124	66	52	52	51	32
1000	1000	998	946	942	756	281	123	76	50	49	49	28
1000	999	994	954	950	751	286	118	69	44	44	43	28
1000	998	995	950	944	759	274	116	62	49	49	48	32
1000	1000	1000	952	950	755	303	111	69	44	44	42	31
1000	998	998	942	940	764	280	122	62	53	53	52	36
1000	998	997	953	951	777	275	134	56	44	43	41	30
1000	999	998	951	950	783	283	117	50	46	46	42	30
1000	1000	999	941	939	782	252	141	60	56	56	51	32
1000	1000	996	961	953	769	270	122	80	38	37	36	35
1000	1000	993	934	933	759	270	119	63	63	62	61	38
1000	1000	997	959	956	780	276	135	53	40	39	35	34
1000	1000	998	939	935	749	298	137	64	56	55	55	29
1000	999	997	943	941	772	256	136	59	53	53	51	34
1000	999	999	963	957	778	270	130	71	34	34	34	29
1000	999	996	957	953	781	259	118	73	42	42	41	31
1000	999	993	955	952	763	284	124	74	40	40	39	32
1000	998	996	953	952	766	286	137	56	44	44	43	33
1000	999	996	941	940	747	279	117	75	54	53	53	24
1000	999	993	942	941	751	272	138	52	50	49	45	35
1000	998	998	940	937	756	293	128	72	56	56	54	32
1000	998	998	962	958	771	281	143	75	35	35	34	27
1000	1000	1000	945	943	760	286	113	74	53	53	53	30
1000	999	998	944	944	768	268	129	54	51	51	50	29
1000	998	996	951	942	757	293	126	79	47	47	46	30
1000	997	994	941	939	774	283	122	67	53	53	52	30
1000	998	992	940	936	758	269	124	57	55	55	55	27
8.440000	0.496387
URS00004813B8_511145


1000	999	953	941	930	908	293	53	29	27	26	26	25
1000	999	946	946	938	931	305	39	39	35	29	27	25
1000	1000	944	942	933	932	278	41	40	40	37	24	21
1000	1000	954	945	934	932	299	33	30	30	27	27	26
1000	1000	950	945	930	925	302	29	29	26	25	25	23
1000	1000	948	943	929	919	303	40	38	34	31	29	25
1000	1000	941	939	927	923	290	40	39	37	37	32	32
1000	1000	933	926	922	912	283	49	48	44	35	32	27
1000	1000	936	932	922	910	323	44	42	41	35	32	23
1000	1000	955	934	929	926	275	37	34	33	31	29	24
1000	999	945	937	926	925	294	40	37	35	35	25	24
1000	1000	940	938	926	906	271	44	31	29	28	28	27
1000	1000	941	939	926	923	313	33	33	30	26	25	24
1000	1000	949	945	937	932	263	35	34	34	32	31	24
1000	1000	937	936	924	921	293	37	37	35	33	29	29
1000	1000	943	931	916	915	273	43	40	39	38	31	24
1000	1000	934	934	918	909	300	45	43	42	42	28	27
1000	1000	950	942	929	918	323	32	32	31	31	30	30
1000	1000	937	928	922	914	288	46	45	42	39	32	32
1000	1000	945	944	930	924	307	39	37	35	35	29	23
1000	1000	956	951	949	916	286	55	29	28	27	24	23
1000	1000	944	932	920	911	303	37	36	35	34	32	23
1000	999	925	922	915	908	303	50	48	48	43	39	30
1000	1000	945	932	915	914	327	34	32	32	30	28	27
1000	1000	938	937	915	908	314	36	35	34	29	28	25
1000	1000	946	937	924	916	323	34	33	33	33	26	25
1000	1000	946	942	935	920	283	36	35	35	31	30	27
1000	1000	940	936	928	917	289	43	41	39	35	33	32
1000	998	941	939	927	916	290	37	35	35	32	26	22
1000	1000	947	939	923	908	300	48	34	29	28	27	22
1000	1000	948	946	932	928	291	33	32	29	29	28	21
1000	1000	941	940	921	916	277	43	36	35	34	27	26
1000	1000	944	932	924	913	280	36	36	33	33	29	27
1000	1000	942	940	928	922	319	35	34	34	33	33	28
1000	999	949	941	939	928	308	43	40	39	35	34	28
1000	999	944	943	935	922	290	35	33	31	28	27	27
1000	1000	943	941	929	917	301	36	35	35	33	31	25
1000	1000	940	933	929	915	320	41	41	36	34	30	30
1000	1000	948	938	928	923	282	35	34	30	30	25	24
1000	1000	950	940	926	925	302	38	38	35	35	25	24
1000	1000	954	941	929	924	283	35	31	31	30	28	26
1000	1000	934	929	919	911	257	42	38	38	36	32	29
1000	1000	935	933	931	927	304	44	42	39	36	32	30
1000	1000	928	925	916	909	320	48	46	45	37	33	23
1000	1000	945	945	931	923	302	31	30	30	27	27	26
1000	999	928	924	919	913	293	49	47	44	36	31	31
1000	1000	948	938	936	914	321	42	40	38	33	25	23
1000	1000	944	940	938	922	306	41	39	39	30	28	26
1000	1000	944	942	932	928	296	45	42	41	40	39	27
1000	1000	937	928	925	913	301	42	40	39	29	28	26
1000	1000	944	944	930	927	322	36	34	33	32	29	22
1000	1000	952	935	933	930	299	43	40	38	36	32	24
1000	1000	946	935	929	925	280	39	37	35	29	28	25
1000	1000	955	951	931	927	279	35	31	30	30	29	29
1000	1000	941	934	927	916	307	47	43	43	33	28	23
1000	1000	937	934	923	905	310	42	39	35	35	30	24
1000	1000	938	936	926	919	302	42	38	38	38	31	27
1000	999	944	939	934	920	296	40	38	38	30	29	28
1000	1000	935	935	925	918	242	43	39	37	33	30	29
1000	1000	954	940	928	914	317	42	35	35	33	32	29
1000	1000	939	934	920	919	286	39	36	33	32	31	25
1000	1000	941	937	918	913	268	34	32	31	31	25	24
1000	1000	941	941	927	926	301	39	39	38	38	30	27
1000	1000	941	936	936	919	284	46	43	42	31	27	23
1000	1000	941	938	933	912	314	40	39	35	34	28	28
1000	1000	943	937	932	926	301	40	39	38	38	31	31
1000	1000	953	940	918	911	319	41	32	30	29	26	25
1000	1000	950	949	933	929	308	34	34	32	32	31	27
1000	1000	933	932	919	916	301	42	41	38	36	30	28
1000	1000	944	943	927	923	296	38	35	34	34	30	22
1000	1000	944	938	927	923	266	37	34	33	31	27	24
1000	1000	939	935	929	921	295	37	36	33	33	32	28
1000	1000	942	933	923	920	306	41	39	38	36	34	27
1000	1000	945	943	918	914	301	43	34	34	32	31	26
1000	1000	956	953	943	930	313	42	37	31	29	29	24
1000	1000	941	935	927	915	334	37	37	33	31	29	26
1000	1000	939	934	924	921	295	42	38	37	27	24	24
1000	999	952	942	927	919	323	34	33	31	30	27	24
1000	1000	934	933	922	914	285	46	44	41	36	33	28
1000	1000	957	945	936	930	293	32	31	30	30	28	25
1000	1000	948	947	922	919	283	30	29	28	26	26	25
1000	1000	938	932	925	918	306	43	42	41	39	33	29
1000	1000	934	931	929	918	309	44	42	42	35	35	29
1000	1000	948	944	930	920	304	36	33	29	29	23	21
1000	1000	958	955	938	933	299	33	25	24	24	24	23
1000	1000	932	932	931	913	277	46	44	43	34	33	30
1000	1000	942	940	930	920	303	36	35	35	35	27	26
1000	1000	942	931	928	910	315	43	43	42	36	28	25
1000	1000	934	934	930	915	304	49	47	45	29	29	28
1000	1000	933	930	919	904	292	49	46	43	32	29	27
1000	1000	942	933	927	916	313	35	35	33	25	24	24
1000	1000	936	928	919	917	294	44	43	43	40	32	32
1000	1000	948	948	930	926	299	36	35	32	32	31	30
1000	1000	944	936	930	923	285	41	40	39	35	27	24
1000	1000	940	933	923	915	298	41	39	39	33	33	32
1000	1000	942	935	926	916	312	35	34	34	34	31	28
1000	1000	940	939	931	918	300	37	34	32	32	30	30
1000	1000	947	940	915	915	307	40	33	30	30	24	24
1000	1000	948	941	929	924	327	35	34	34	30	25	23
1000	1000	941	941	927	916	281	41	37	35	31	30	27
7.010000	0.099499
URS00004A5A0D_511145


1000	837	652	644	514	416	402	365	324	305	157	147	133
999	855	685	675	547	415	389	379	360	348	144	131	123
999	848	666	661	521	421	395	365	315	293	154	140	128
1000	861	677	669	544	441	410	360	329	316	130	128	124
999	861	655	646	571	437	410	339	290	281	139	126	120
1000	854	670	664	563	407	398	367	357	347	140	138	127
1000	853	670	664	515	415	400	367	312	310	145	131	119
1000	854	671	660	545	429	419	368	315	313	152	135	116
997	855	662	656	529	441	416	345	300	298	159	137	121
999	853	696	687	536	406	395	385	357	353	148	136	123
1000	848	686	673	525	424	415	374	328	312	153	137	125
999	849	667	655	523	405	399	383	329	321	146	133	118
996	847	680	679	533	426	417	362	319	304	151	138	124
999	860	697	681	524	403	401	384	339	332	151	130	116
997	842	682	673	517	413	401	371	324	322	160	140	128
1000	873	676	671	551	431	406	369	316	301	155	132	124
1000	851	692	685	536	408	395	384	348	344	145	142	134
1000	863	696	685	566	430	411	375	340	333	132	130	119
999	859	664	656	539	406	384	376	333	321	137	125	119
1000	853	667	662	544	409	385	372	331	322	144	126	126
1000	856	677	671	553	425	409	368	306	300	145	128	119
998	856	676	675	553	400	396	391	329	329	147	136	125
998	854	658	652	551	411	409	366	313	309	157	139	113
999	873	703	702	549	439	402	374	316	315	128	120	112
999	848	686	676	534	416	386	380	333	327	143	126	124
1000	876	688	680	572	427	389	384	323	321	117	110	106
999	864	663	652	537	433	394	369	316	315	137	129	116
999	861	674	663	539	451	388	348	304	301	128	118	114
999	851	676	668	571	428	391	373	314	309	132	122	114
998	851	660	652	521	413	393	382	321	302	148	138	126
999	837	643	636	519	411	393	356	301	294	172	154	131
1000	834	650	642	545	396	392	376	334	321	167	149	139
998	860	680	671	531	395	395	394	332	326	141	127	120
1000	846	661	657	517	405	394	355	320	299	147	136	120
1000	874	685	679	537	443	392	366	318	308	127	115	112
1000	869	693	685	559	416	381	377	336	334	132	115	111
1000	879	677	672	553	417	395	371	311	308	126	119	116
1000	871	698	691	551	441	407	376	323	317	128	125	111
1000	865	680	671	540	421	394	376	333	322	142	141	125
1000	860	684	672	533	402	397	378	340	323	135	128	122
1000	858	661	656	542	424	420	360	301	301	155	134	120
1000	872	690	680	538	400	399	375	349	338	137	129	116
998	855	692	687	539	412	395	387	329	323	143	134	126
1000	869	665	656	553	425	403	371	301	298	143	129	118
1000	872	677	671	540	424	392	392	328	326	133	125	112
999	838	658	651	527	428	423	354	299	292	167	151	134
999	872	688	675	546	426	392	384	337	326	125	116	114
1000	839	681	671	512	430	400	372	327	317	141	133	120
1000	849	659	658	547	419	409	367	307	294	154	143	123
999	849	666	666	547	431	427	350	312	296	133	123	109
1000	879	695	691	529	414	390	387	345	336	139	128	114
998	836	656	654	527	389	387	386	324	315	162	146	132
1000	855	679	671	533	438	413	364	310	309	133	129	121
1000	869	680	668	574	456	450	328	282	271	146	129	110
1000	854	686	677	552	424	406	387	327	317	140	130	121
1000	865	708	698	535	406	400	380	362	358	129	120	109
1000	870	676	665	567	427	398	366	311	297	138	127	115
999	876	680	678	544	422	398	383	336	323	138	131	117
999	846	664	660	525	433	422	347	292	284	147	125	112
1000	872	684	670	533	440	417	371	309	297	135	118	108
998	850	674	663	542	426	400	359	312	311	147	135	116
1000	843	654	648	525	412	402	368	317	315	152	140	139
1000	866	671	664	547	408	407	388	342	329	137	134	122
999	845	648	644	533	420	410	352	305	302	163	146	131
999	864	687	673	537	405	389	386	343	334	135	130	124
999	860	667	662	557	438	407	351	302	300	140	127	117
997	872	702	695	562	430	390	377	320	313	125	120	110
1000	873	679	678	541	417	391	362	342	330	128	127	117
999	864	676	666	542	440	413	357	307	307	139	122	117
1000	869	669	663	536	441	386	371	323	307	123	123	110
999	858	675	671	552	454	416	361	309	296	134	129	123
999	853	686	678	530	454	437	349	292	288	156	137	116
1000	856	653	642	538	411	386	362	325	318	137	128	117
998	852	661	652	548	454	422	332	284	278	143	132	120
997	856	665	660	528	420	387	360	309	300	144	128	110
1000	865	682	673	537	402	400	384	333	325	126	123	114
1000	853	681	678	538	448	430	360	301	294	152	141	120
1000	852	646	642	536	442	405	346	301	299	145	134	113
999	859	694	685	551	450	430	348	303	293	139	126	120
997	866	686	677	548	416	397	374	315	309	137	124	108
1000	870	676	673	541	429	393	348	306	293	133	124	119
999	878	705	697	564	422	408	387	336	334	134	127	116
999	854	685	682	550	432	412	356	293	284	154	132	114
998	854	667	656	544	431	416	356	296	291	144	129	120
1000	875	702	690	572	415	401	399	347	331	134	131	118
1000	874	681	670	568	426	380	376	335	325	132	124	117
998	843	689	684	522	399	396	395	342	333	155	138	127
1000	849	655	651	547	408	385	362	314	308	148	135	128
1000	852	673	664	551	402	397	394	330	320	151	141	140
1000	858	660	656	517	412	404	359	321	306	140	131	122
999	864	679	667	569	426	422	368	308	300	147	134	118
999	838	662	657	550	423	405	364	311	297	154	143	129
1000	843	673	671	552	427	420	363	315	307	146	139	134
999	872	694	684	561	409	408	374	337	323	151	136	132
1000	854	679	672	554	436	411	362	295	295	132	124	118
999	854	660	649	551	416	400	366	311	300	146	134	131
1000	849	660	657	536	398	396	377	330	317	162	148	131
998	864	701	693	563	431	420	378	323	320	141	125	123
1000	861	676	672	507	422	420	367	308	305	146	134	118
998	857	661	653	532	435	417	349	290	286	144	124	118
10.000000	0.000000
