URS0000738865_1462526
993	990	986	538	538	398	343	295	156	90	71	62	35	28	21
8.570	0.4951
URS0000749DD4_195088
996	993	993	991	916	876	567	308	118	90	71	57	23	17	16	15
9.970	0.1706
URS000074B371_258533
984	642	587	577	545	476	428	346	346	328	327	321	282	254	194	184	169	162
12.220	0.4142
URS000074D3D9_195088
997	967	963	736	686	572	505	483	278	272	240	112	105	33	30	29	18
11.000	0.0000
URS000074F1E7_195088
999	995	993	904	807	484	415	403	210	135	101	89	85	71	64	59
9.690	0.4625
URS0000754F81_1462526
1000	1000	1000	970	954	647	494	323	96	91	50	35	35	29	23	22
8.720	0.6337
URS00002BE78C_456481
990	940	796	793	771	693	484	233	198	163	139	128	125	69	69
9.580	0.5134
URS0000583E67_338969
1000	993	825	760	737	726	368	293	209	187	178	171	144	137	81	67	52	46
11.260	0.5765
URS00005EF701_1280
981	972	970	793	613	452	341	300	211	191	166	148	92	58	58	41	30
11.830	0.3756
URS00005FF733_338969
997	996	978	965	927	888	497	487	277	247	114	79	73	62	36	32	28
10.720	0.4490
URS0000611389_318167
999	999	999	994	962	735	295	276	90	78	61	38	17	11	11	8
10.000	0.2449
URS000061AB3A_272129
1000	996	752	750	728	714	266	246	219	170	159	123	80	64	52	48
9.990	0.4122
URS000041A43E_1209989
1000	1000	1000	994	872	767	257	230	163	119	63	42	36	19	17	15
10.010	0.0995
URS0000302199_1125847
999	936	920	916	866	603	581	417	365	81	64	63	49	39	35
9.000	0.0000
URS00007C5E36_1034943
1000	942	816	720	568	530	493	440	389	364	207	157	150	130	123	103
10.070	0.2551
URS00000DF3DD_1150626
1000	993	992	931	836	751	709	708	567	220	161	156	146	127	125	93	61	57	40
14.000	0.5831
URS00007D5091_545501
997	758	657	581	437	381	345	338	296	285	238	234	233	233	232	232
11.040	1.8757
URS00007DA96E_1212491
1000	996	991	901	826	812	159	95	81	61	39	27	25	16	15
8.780	0.5582
URS00007DAB8D_545501
996	989	894	749	735	695	575	416	287	196	125	105	55	41	26	22
9.990	0.0995
URS00007E0A28_545501
999	996	891	889	793	762	517	303	199	164	126	105	103	81	80	69
10.170	0.3756
URS00007F8662_499207
1000	1000	993	808	677	451	379	277	274	199	174	158	119	112	98	96	74	55
11.170	0.4014
URS0000804414_1581680
943	884	871	845	762	711	660	285	177	148	132	123	114	108	107	102	101
10.610	0.7334
URS000011C310_318167
860	841	727	665	459	440	410	354	272	210	196	140	119	103	101	99	95
10.490	0.5744
URS0000848018_1307763
990	983	841	823	784	745	704	685	626	285	133	113	89	81	77	76
10.000	0.0000
URS000013A5B7_1125847
997	997	995	992	979	630	559	404	379	189	153	80	21	19	18	14	14
11.000	0.0000
URS00001478CE_203124
1000	996	995	898	680	656	576	320	178	144	119	97	95	95	68	62
9.810	0.4170
URS0000AB9DC0_96345
1000	994	992	622	471	307	279	273	210	121	81	80	72	65	39
9.050	0.2179
URS00000282CA_272560
1000	1000	963	962	932	846	835	652	348	339	36	36	36	35	25	23
10.000	0.0000
URS000082803C_553
1000	1000	1000	993	982	886	834	819	588	180	114	108	63	17	11	7	6	6
11.930	0.2551
URS00007C73E2_80852
999	923	795	771	702	622	582	452	299	251	208	203	202	196	194	184
11.630	0.7957
URS000032B911_365659
990	986	943	903	888	817	728	95	92	74	72	62	41	34	34
9.040	0.4673
URS0000504E7F_483908
1000	1000	999	998	998	995	283	116	111	62	27	22	15	9	7	7
10.020	0.1400
URS00000CDD81_1230340
1000	991	949	920	823	696	264	202	180	154	54	49	46	46	39	38
10.000	0.0000
URS000051D2D3_483908
1000	998	997	927	890	602	444	418	356	328	287	283	131	96	84	36	35	34
12.100	0.3000
URS00000E8CB0_1230340
997	995	702	520	510	479	358	326	310	251	169	103	55	49	47	43
10.000	0.0000
URS0000A0DFA8_1364
999	995	938	862	855	443	201	184	133	119	87	37	27	25	21	18
9.730	0.5071
URS000050A8B7_316275
997	990	984	979	940	913	855	258	193	137	78	74	49	19	19	18	16	13
11.370	0.5414
URS00008D26CD_32022
1000	1000	999	966	758	684	661	340	130	112	27	20	15	13	9	9
9.920	0.2713
URS000082BA2E_553
930	918	917	875	769	701	318	261	122	108	96	77	67	67	59	56
9.400	0.7348
URS000082D24E_553
775	738	722	663	655	629	467	466	427	256	233	215	213	208	207	163	134	96	88	83	56	53
15.650	0.6837
URS000083062C_553
873	793	770	752	628	443	237	227	188	151	134	123	120	110	86	86
10.430	0.7517
URS0000598416_604162
982	929	881	701	613	516	456	197	194	170	167	165	155	152	145
10.390	0.6767
