URS00005242E3_224308
999	995	991	983	885	830	207	128	114	99	98	77	19	18	10	7	7	7
11.920	0.2713
URS000005CA97_224308
1000	998	990	948	895	879	557	555	446	112	40	27	24	14	14	9
9.880	0.3250
URS000057560B_224308
981	975	947	869	829	829	755	231	225	208	178	149	94	53	48	47	32	31
12.000	0.0000
URS00003061C5_224308
979	979	922	825	717	707	653	357	274	258	169	85	23	18	17	17	14
10.950	0.2179
URS0000431F51_224308
799	780	674	591	580	417	359	275	245	224	190	186	181	169	151	144	114	113	109	106
13.550	0.7399
URS00004FB201_223283
999	959	937	921	851	667	242	238	182	149	113	63	63	58	56	42
10.270	0.4659
URS00007BCAF0_545501
1000	989	982	897	772	635	358	188	155	124	99	93	93	90	73	50
10.010	0.4999
URS00007BFB9E_1300143
1000	1000	916	875	567	537	400	134	120	97	89	77	76	45
7.940	0.2764
URS000052191F_317655
982	948	612	607	605	406	367	362	275	275	262	255	243	200	196	138	133	113	110
12.790	0.4073
URS00007C8526_545501
999	997	989	960	904	725	149	112	56	44	43	37	21	19
8.180	0.4094
URS0000311E53_584
988	966	872	871	825	690	591	420	348	315	279	264	256	168	167	118	114	97	80
13.480	0.8304
URS00007DD836_545501
1000	1000	953	899	846	685	505	300	290	201	116	96	85	68	63	54
10.160	0.3666
URS00000F11B4_281689
997	995	959	913	897	646	317	302	288	119	91	63	56	42	37	33
9.800	0.4000
URS00007FADE9_28189
999	998	996	956	701	302	143	66	65	24	20	16	13
7.690	0.6434
URS000054DF16_1496
954	943	892	865	784	433	355	318	292	267	206	194	170	166	146	119	87	86	55	46
13.270	0.4659
URS0000553005_216595
1000	972	949	925	867	700	255	209	188	118	83	60	60	59	37	36
9.050	0.2179
URS000055F468_862719
999	998	992	988	917	814	806	166	138	85	73	51	47	45	31	30	23
11.070	0.2551
URS0000572FBD_661367
842	815	772	606	601	298	281	279	252	222	198	155	138	127	116	103	54
11.430	0.6520
URS000057560B_1423
993	978	947	890	844	842	769	241	219	200	192	146	80	40	39	38	35	32
12.000	0.0000
URS0000376B8A_338969
1000	993	958	940	665	649	316	302	264	214	209	152	109	96	90	73	68	50
11.960	0.2417
URS000002308B_338969
882	839	815	805	753	479	390	179	174	102	99	93	68	64	55
9.120	0.3250
URS000046B14C_272560
1000	1000	907	903	821	796	722	656	612	571	529	229	226	172	142	131	115	97	96	64
13.260	0.4386
URS00000537E5_318161
948	819	650	618	529	458	302	296	269	251	183	158	146	142	116	102
10.080	0.2713
URS00007428FF_195088
1000	1000	876	855	826	507	497	440	254	149	78	72	59	58	53
9.460	0.4984
URS000074C123_171693
1000	997	993	961	775	742	583	376	225	199	101	92	81	74	62	61
10.030	0.1706
URS00002ACA46_1427518
1000	994	928	919	377	370	257	247	238	209	202	103	85	78	78	45	37
11.000	0.0000
URS0000757F8D_1462526
992	981	957	854	712	680	603	415	324	278	167	121	114	52	51	45	35
10.800	0.4000
URS00009FC17C_562
1000	999	989	984	959	943	788	716	207	168	93	91	56	46	11	11	11	10
11.780	0.4600
URS0000776918_138074
972	866	568	550	454	375	319	204	187	185	184	174	167
7.470	0.6238
URS0000779717_351671
990	969	948	925	887	814	662	566	121	120	96	56	33	31	30	27
10.200	0.5477
URS00005098E1_637910
996	938	827	810	803	707	477	453	436	212	158	120	117	113	109	103
9.950	0.2179
URS00002E5E26_584
592	521	446	403	390	379	376	359	311	286	280	265	236	232	211	137	123	112	110	103	90
15.020	0.1990
URS00000D4AAA_28173
987	969	822	798	574	560	444	390	328	292	211	155	120	74	42	24	23
10.680	0.4665
URS00007CA63E_1499686
999	999	998	994	945	899	361	270	126	86	82	65	54	47	46	42	35
10.950	0.7263
URS00007CAEAB_545501
998	948	906	882	835	756	472	410	341	136	90	81	64	61	50
9.000	0.0000
URS0000A4817F_267128
964	948	941	922	898	842	701	697	309	211	163	153	143	98	80	75	69	61	53
13.840	0.5044
URS00007CCBFE_1461582
994	735	722	717	659	293	263	258	225	207	190	146	143	140	128
8.740	0.6873
URS00007DD3DC_1034943
1000	998	980	932	926	688	521	479	273	215	215	68	42	39	29	27	21
11.000	0.0000
URS00007E2470_1499687
1000	1000	996	945	914	651	593	254	211	138	88	84	52	51	35	24
10.060	0.2375
URS000082232A_297352
1000	997	943	874	866	439	191	190	123	123	86	33	27	25	24	16
9.700	0.5745
URS000011DEA2_1288971
1000	1000	998	959	890	655	315	116	111	71	48	48	44	31	25
9.000	0.0000
URS00002AE5BC_272560
1000	1000	1000	990	755	721	714	696	576	238	203	203	203	172	82	82	81	72	57	35
14.000	0.0000
URS0000751C49_171693
983	982	955	920	908	625	473	388	286	237	190	144	137	115	114	83	78	63	61
12.530	0.9215
URS0000758DC8_195088
1000	978	954	855	817	569	294	176	159	105	96	86	72	60	55
9.400	0.5292
URS00007667D8_351671
1000	999	983	983	971	919	901	847	829	329	183	156	109	86	82	70	58	47	34	16
14.100	0.9000
URS000050AAB9_266117
1000	1000	1000	992	983	804	143	110	87	49	44	15	14	14	12	7
9.070	0.2551
URS00002ECCC3_562
1000	959	931	661	558	475	474	402	376	367	343	329	298	248	154	120	120	108	63	60
13.870	0.3363
URS00002F0C47_470
1000	998	998	998	989	935	772	762	600	230	219	219	162	160	116	109	60	46	34	19	14	14
15.710	0.4959
URS00007CEB83_1461582
998	995	968	942	833	714	160	76	64	42	33	26	26	25
8.020	0.5653
URS00007D07E3_1476857
1000	1000	1000	978	971	920	688	306	80	53	27	26	23	18	16
9.030	0.1706
URS000052B875_1288971
999	981	974	888	881	877	259	129	122	96	85	80	59	56	43	39
10.240	0.7088
URS00007DF53A_1444712
999	998	845	821	819	657	621	439	201	182	173	160	142	48	38	26	24	23
11.500	0.5000
URS0000534BBD_1400861
998	989	853	841	634	609	430	395	288	250	247	132	131	121	78	51	47
11.000	0.0000
URS0000745F2A_1462526
1000	1000	976	685	584	572	427	317	253	193	151	144	106	65	65	59
10.350	0.6062
URS000074CE9F_258533
998	966	949	864	849	844	512	348	325	147	135	99	88	83	65	56
10.220	0.4812
URS00004D901B_1427517
999	996	962	686	614	612	592	500	426	403	224	193	166	141	94	63	61	60
11.170	0.3756
URS0000098CB5_1211777
1000	993	992	991	899	861	834	743	690	278	245	165	162	155	96	87	25	14	12	9
14.560	0.4964
URS00002CE28D_1427518
998	994	963	945	933	905	827	123	55	55	53	48	47	39
9.740	0.8902
URS000077A2D0_138074
894	829	742	714	532	401	387	358	351	300	295	262	257	253	227	218	218	203	175	175	163	146	138
16.440	0.7116
URS00002ECCC3_585397
999	960	924	623	556	500	465	402	383	379	343	335	291	256	150	124	114	110	72	72
13.880	0.3250
URS00007BE0D3_545501
1000	1000	983	973	922	649	155	150	126	79	75	62	57	55	44	34	31
10.010	0.6402
URS00007C2781_1476857
996	993	988	964	875	538	461	375	86	76	29	29	21	20
8.110	0.3129
URS00007C2B2F_545501
998	989	951	936	782	611	571	372	319	214	190	136	107	98	89	83	76
11.510	0.4999
URS00007C9B31_545501
974	965	948	852	774	462	399	349	299	223	201	177	157	135	133	117	100	96	48
12.470	0.6396
URS00007C9E30_1499687
986	967	940	914	896	563	438	286	90	64	44	23	20	17
8.120	0.3250
