URS00007C9E40_1461582
997	994	993	972	968	898	563	123	99	74	61	35	31	28	27	24	21
10.110	0.3129
URS00007CFE6F_1212491
998	997	995	992	918	845	555	490	212	172	156	66	61	55	19	13	8
11.000	0.0000
URS00007D4478_1034943
1000	987	984	932	909	870	727	594	298	92	86	64	52	46	38
9.340	0.4737
URS00007D9978_451
948	943	851	830	608	552	475	433	288	142	112	111	102	86	84
9.110	0.3129
URS00004A2910_281689
1000	996	996	985	923	913	85	79	62	58	29	20	18	17	17	14
9.970	0.1706
URS000005CA97_1423
1000	1000	988	948	883	874	540	533	467	130	41	22	19	18	12	10
9.890	0.3129
URS000005D03E_1121428
985	983	578	470	381	366	336	321	310	259	240	154	115	108	59	56	50
10.890	0.3129
URS000028B3C9_331113
998	993	958	955	924	871	89	88	80	50	49	45	45	38	38
10.310	0.6276
URS000073A92F_195088
1001	1000	999	977	753	631	316	211	189	113	82	76	59	55	42	27
9.680	0.4665
URS000073D1F0_1462526
1000	888	854	831	713	520	492	238	232	206	184	114	110	102	100	98
10.690	0.4625
URS000074CD1D_1462526
1000	999	999	910	557	553	498	450	416	89	64	55	33	28	23
9.000	0.0000
URS000076270A_1193518
905	726	723	644	612	457	343	273	246	234	227	220	168	162	149	147	124	122
10.950	0.6837
URS00000AA399_1496
1000	1000	662	595	585	552	291	272	270	270	267	136	132	101	54	51	48
11.000	0.0000
URS000078148B_160808
664	593	479	461	457	382	351	305	304	301	297	225	223	204	200	189	180	179	172	168	104	99
17.600	0.8832
URS000073B9D0_1462526
1000	1000	993	986	955	656	135	91	36	36	35	27	25	24
8.000	0.0000
URS000029E670_28173
1000	992	987	902	867	867	834	796	788	783	282	190	158	158	157	144	133	126	48	40	17	15	14	13
17.240	0.7499
URS00000A480C_218495
1000	956	952	914	906	555	308	152	115	95	56	49	47	42	41
8.120	0.3544
URS00002ECF2A_204773
1000	997	854	785	755	672	632	505	480	241	230	84	57	41	41	33	21
11.000	0.0000
URS00000CDD81_1639
1000	990	948	911	792	703	270	216	177	177	54	52	52	47	41	34
10.000	0.0000
URS0000A345F5_343509
998	606	562	534	517	481	480	454	442	408	320	318	303	302	266	250	206	196
12.450	0.9526
URS00007C64B0_1461582
997	991	873	862	801	435	428	252	185	174	144	142	132	129	123	91
11.220	0.5930
URS00000DCAB7_1297569
1000	1000	1000	949	807	774	748	720	464	430	252	243	239	225	187	173	95	51	41	38	25	17
15.960	0.1960
URS00007C8F06_1499687
998	998	993	992	966	889	662	125	74	49	35	31	30	25	19
9.350	0.4770
URS00000DEE2B_1288971
998	995	960	580	568	437	356	355	316	239	220	83	75	53	39	38	35
11.000	0.0000
URS000027918C_575788
988	972	892	889	849	843	301	250	224	135	107	103	83	78	42	32
10.200	0.4000
URS0000239569_1121428
1000	988	862	575	477	464	421	382	335	303	230	156	154	137	131	88	49
10.380	0.4854
URS0000267FA8_1211777
956	949	909	903	889	878	666	385	383	369	334	332	140	112	96	68	65	60	56
12.780	0.4377
URS0000052FF5_869213
1000	1000	900	566	532	386	382	364	199	51	44	43	41	40	37
8.920	0.2713
URS00004BD801_1064539
1000	998	585	553	421	404	393	352	347	321	313	251	240	232	213	187	140	116	109
12.640	0.8309
URS000023949F_216591
1000	1000	996	996	700	696	612	250	236	144	141	132	105	100	99	98	42	39
12.300	0.5745
URS0000AD1307_1891920
979	900	782	764	650	592	577	565	463	396	390	237	165	141	139	122	118	92
11.970	0.1706
URS000049101C_575788
1000	1000	998	994	954	951	934	156	80	77	66	49	31	29	27	20	16	14
12.020	0.1400
URS0000B1F654_1230383
1000	998	995	961	961	879	868	833	810	791	790	686	665	620	334	330	245	211	143	106	99	90	85	79	73
18.250	0.4330
URS000080D51F_449
1000	985	946	640	491	486	313	311	293	169	105	102	94	58	56
9.290	0.4538
URS000081B3EB_1581557
982	818	756	718	655	576	201	200	181	171	155	133	125	118
8.640	0.7144
URS0000567C92_318161
998	986	985	581	546	375	374	311	308	287	260	222	221	217	125	110	78	72	51	36
13.590	0.5309
URS00003888E5_1288971
999	995	995	991	907	515	461	361	329	191	169	103	77	63	18	13	11
11.020	0.1400
URS000038980D_1125847
970	818	672	597	507	484	471	443	332	251	234	178	177	175	119	117
9.870	0.4616
URS00003982CB_585397
883	877	824	791	718	523	314	288	170	169	141	137	102	102	100	94	86	74
11.660	0.8027
URS000039E69D_562
999	947	928	614	546	487	445	402	383	374	366	343	280	235	159	123	105	105	68	50
13.720	0.4490
URS000039E9E3_862719
1000	1000	732	732	727	704	574	541	526	448	279	223	220	174	171	127	126	120	119
12.500	0.5000
URS000017D4E1_717785
1000	997	925	813	667	651	647	632	519	461	271	226	225	205	195	179	106	91	54	54	40
14.730	0.8229
URS00005D73EF_216591
1000	1000	996	970	908	832	779	733	619	588	291	227	110	90	88	82	79	79
12.030	0.1706
URS000019B5C4_1322246
999	995	995	978	940	873	616	127	93	75	57	51	27	16	13	10
10.080	0.6431
URS00001C649B_266117
977	973	835	625	623	592	505	334	326	285	269	210	177	140	108	75	63	45
11.880	0.3816
URS00001C8FC0_1496
826	729	590	588	527	510	438	273	233	165	148	116	114	109	84
9.000	0.0000
URS000060DAAE_584
1000	995	970	943	920	275	158	96	82	74	61	58	58	43	33	18
10.000	0.6164
URS0000615719_1288971
976	945	908	716	660	567	363	352	280	237	124	111	106	76	68	66
10.000	0.0000
URS00003982CB_562
871	855	800	793	677	490	314	300	198	197	131	129	118	117	117	100
11.650	0.7399
URS0000398806_1064539
1000	1000	971	959	936	744	737	623	375	297	32	29	27	26	26	25
10.000	0.0000
URS000015EB47_40041
1000	993	924	882	534	447	442	309	137	97	83	78	71	68
8.120	0.3250
URS000016D25A_62977
1000	937	935	922	921	919	905	876	858	705	426	78	78	73	68	63	61
11.000	0.0000
URS00003B54F1_326424
1000	996	940	865	781	707	690	536	448	207	204	188	161	160	129	121	69	69	64
12.880	0.6524
URS00005C8FDD_869213
999	991	990	953	823	157	109	55	53	46	33	31	29
8.490	0.7141
URS00001C2FAD_28173
996	993	975	717	649	633	596	536	358	345	301	279	279	262	153	121	86	70	64	55
14.000	0.0000
URS00001E6988_575788
993	993	992	988	972	949	869	617	350	242	117	63	43	22	21	20	19
11.040	0.1960
URS00001EB120_637910
999	997	927	913	484	448	426	345	318	307	67	61	57	51	42	38
10.000	0.0000
URS00001F6EE4_562
1000	999	985	983	955	946	766	722	224	163	92	84	47	44	22	18	15	13
11.880	0.3250
URS00001F6EE4_585397
999	999	985	984	951	944	766	709	220	173	105	83	56	43	16	13	12	12
11.870	0.3363
URS00001FEBD0_192222
1000	1000	995	971	749	658	635	364	132	109	28	20	17	15	12	11
9.910	0.2862
URS00007F4722_449
1000	991	951	950	810	558	369	351	350	267	126	108	90	72	67	49
10.010	0.0995
URS000055E989_1430440
885	874	709	596	588	506	466	444	300	298	293	266	204	191	159	140	113	113	113
13.180	0.6690
URS000058468A_637910
1000	1000	1000	937	930	868	806	798	731	576	407	362	344	117	108	108	100	93	69
13.040	0.1960
URS000013C7F3_1156937
1000	1000	996	995	904	799	619	358	200	51	34	26	24	22	19
9.000	0.0000
URS0000149067_1121428
999	993	976	810	806	650	462	276	264	248	176	173	87	83	46	32	20	17
12.000	0.0000
URS00003C9C26_1427517
887	805	695	688	595	557	340	290	223	222	169	169	131	110	109	100
10.020	0.1400
URS000047A045_204773
999	983	947	904	809	754	581	218	114	113	91	82	66	34
8.470	0.7410
URS0000049C2B_862719
992	989	984	928	831	772	638	461	317	306	296	261	185	167	161	143	131	109	94	91	83
14.450	0.6062
URS00007319AA_134676
994	987	778	777	713	664	251	243	219	167	134	132	127	125	120	117
9.930	0.5524
URS0000733E73_47839
1000	998	996	852	552	433	337	277	159	106	101	87	81	64	60
9.020	0.3156
