URS0000C8B8C1_511145
948	858	773	652	212	128	65	59	43	42	39	38
5.430	0.4951
URS00000FF435_511145
863	523	473	472	469	431	418	344	285	266	208	206	170	165	165	164
9.970	0.1706
URS000022C879_511145
1000	930	905	856	186	129	70	66	63	57	53	48
6.000	0.0000
URS000028467F_511145
1000	999	965	961	956	523	521	476	131	40	31	29	19	14	14
9.000	0.0000
URS000009EE82_511145
993	780	656	383	261	257	229	202	119	114	97	84	83	70
7.370	0.4828
URS00004FF598_511145
999	912	912	880	667	176	166	95	88	87	65	44	41
7.020	0.1400
URS00002E063F_511145
1000	988	922	689	565	421	396	77	55	51	26	20	11
7.000	0.0000
URS00003199EC_511145
1000	997	982	881	432	429	101	73	20	17	16	13	10
6.960	0.1960
URS00004CF48A_511145
1000	979	838	671	525	159	79	66	62	46	44	42
5.980	0.1400
URS0000093D11_511145
1000	998	979	711	661	235	71	37	19	12	9	8
6.080	0.2713
URS00002D98B8_511145
999	995	928	876	629	241	207	86	81	38	37	34	33
7.000	0.0000
URS000052A6C3_511145
959	887	721	702	539	364	331	298	184	183	122	82	79	69
8.760	0.5123
URS00004C383B_511145
982	861	841	649	644	272	150	127	54	51	46	43
6.280	0.4490
URS00004CF2CF_511145
1000	991	867	855	782	125	111	107	64	46	28	24	19	17
8.000	0.0000
URS000009F4BF_511145
1000	967	909	837	297	234	81	79	70	51	32	27
6.010	0.0995
URS00002D9DE2_511145
991	824	541	540	441	432	309	271	245	208	113	100	90	69	60
8.970	0.2985
URS00002F9CDD_511145
1000	999	996	966	965	36	29	18	16	16	15	13	12	9
8.490	0.8306
URS0000036214_511145
1000	1000	999	951	948	770	262	126	68	46	46	44	38	36	21
8.440	0.4964
URS00004813B8_511145
1000	999	953	941	930	908	293	53	29	27	26	26	25
7.010	0.0995
URS00004A5A0D_511145
1000	837	652	644	514	416	402	365	324	305	157	147	133	128	111	93
10.000	0.0000
URS0000349C05_511145
1000	989	445	367	323	311	307	259	235	231	184	176	165	163	91	88
10.970	1.0720
URS000059276A_511145
998	701	695	540	540	313	287	287	185	118	54	50	50	47
8.000	0.0000
URS00003845FE_511145
1000	1000	989	864	600	536	59	17	10	4	4	4
6.000	0.0000
URS00005AA258_511145
1000	990	780	411	368	363	291	209	208	154	150	63	44	29	26
8.950	0.2958
URS00003A6DC6_511145
998	759	659	453	311	226	226	214	213	196	142	133	76	73	63
8.260	1.0452
URS00005ABD4E_511145
1000	914	527	514	473	461	401	344	342	306	194	178	133	68	65	55
10.000	0.0000
URS00005B2D1B_511145
999	998	959	761	236	235	41	38	35	35	34	14
6.000	0.0000
URS00001ACE3E_511145
995	988	907	863	822	137	77	71	59	37	21	17	9
6.500	0.6403
URS00003E4E71_511145
957	955	955	955	842	377	342	265	232	186	158	133	110	58	44	43	42	41	39
12.040	0.4883
URS00001C39A4_511145
967	790	783	450	448	224	224	170	165	163	144	117	108
7.000	0.0000
URS000016F1C4_511145
1000	997	993	991	850	565	460	442	54	15	9	9	9	8
8.000	0.0000
URS00005E3C63_511145
946	942	942	941	838	399	278	252	213	180	125	125	103	78	58	57	53	51	49
13.040	0.3720
URS0000181AEC_511145
1000	999	999	872	597	533	221	196	195	137	94	68	64	50	46	45
9.240	0.4271
URS00002362FE_511145
1000	1000	989	689	125	41	32	29	25	15	13
5.000	0.0000
URS000008CEF9_511145
1000	784	776	644	136	117	112	104	91	77
4.020	0.1400
URS000034D020_511145
947	833	575	474	468	453	198	188	177	156	146	139
6.120	0.3250
URS000059024D_511145
1000	985	739	654	255	241	213	196	81	80	44	28	23	20
8.000	0.0000
URS000037E2FF_511145
1000	999	900	895	687	71	47	33	32	32	29
5.270	0.4440
URS00003A295A_511145
1000	558	542	497	378	309	305	305	238	181	147	135	92	87
8.630	0.4828
URS00005F0912_511145
973	640	541	498	493	328	328	324	199	191	188	146	146	139
8.000	0.0000
URS00001BBAFC_511145
1000	878	815	780	679	130	123	100	100	97	61
5.180	0.3842
URS00001DEEBE_511145
991	972	727	676	516	383	247	220	190	167	144	138	100	96	23
8.980	0.6779
URS000041AF00_511145
995	957	781	767	766	636	220	195	191	165	147	25	25	25	23	22
9.990	0.3315
URS000053D33E_511145
1000	993	857	844	770	136	128	115	70	36	26	22	18	14
8.000	0.0000
URS0000597E49_511145
1000	980	854	813	138	136	135	63	61	35	29	22	15
7.000	0.0000
URS000044A612_511145
640	548	447	390	380	360	360	360	352	319	310	306	283	228	214	191	158	148	117	116	91
16.120	0.5706
URS000000BB03_511145
999	998	818	796	675	351	309	86	84	80	70	70	63
7.000	0.0000
URS00004630EA_511145
1000	998	741	569	562	561	547	419	419	270	249	248	182	127	79	47	41	18
11.840	0.3666
URS000003E908_511145
1000	976	703	567	340	293	288	112	111	74	62	34	22
7.000	0.0000
URS000042DDAB_511145
1000	1000	629	409	325	301	294	283	279	219	130	72	69	61	45	44
9.980	0.1400
URS0000C8AF09_511145
1000	997	992	875	719	648	341	289	283	279	270	120	118	96	84	53	31
11.000	0.0000
