URS00000BA5EB_666
984	865	846	815	813	657	124	122	117	98	39	33
7.290	0.8520
URS000057C677_666
995	984	973	971	971	970	549	64	30	26	25	23	17	17
8.020	0.1400
URS00002E08C2_666
1000	1000	947	939	848	66	50	31	25	25	11	8	6
6.550	0.5545
URS00000EF43F_666
1000	996	943	814	140	132	56	53	44	36	27	21
6.060	0.2375
URS000055D276_666
1000	972	940	762	479	306	43	40	39	37	27	20
6.000	0.0000
URS0000500260_666
1000	1000	998	998	582	55	27	4	4	3	3	2
6.040	0.1960
URS0000505E98_666
1000	836	766	711	632	436	316	132	130	124	118	117	111
7.000	0.0000
URS00002E1ECE_666
1000	921	836	475	437	424	377	337	101	85	85	76	60	59
8.000	0.0000
URS00002FAFB3_666
930	719	600	486	363	309	303	297	297	281	258	219	200	158	156	91	51
11.370	0.5771
URS000028B091_666
1000	994	531	503	466	463	419	266	156	153	43	35	32	28
8.000	0.0000
URS000029E2F5_666
999	998	997	994	993	444	254	187	21	19	14	11	7	6
8.000	0.0000
URS00002BD8AE_666
997	572	500	473	458	427	422	387	358	233	138	91	88	49	31
9.000	0.0000
URS000006C8F4_666
1000	999	989	855	705	699	697	297	256	96	59	56	22	14	13
9.000	0.0000
URS00004CF48A_666
1000	980	859	658	525	138	81	78	59	53	46	45
5.980	0.1400
URS00000B37D5_666
999	805	709	582	338	329	295	282	250	192	192	185	99	98	74
8.910	0.2862
URS00002FA849_666
1000	862	807	602	422	379	346	262	191	136	135	129	83	65
8.000	0.0000
URS0000232B9F_666
1000	1000	997	947	909	705	101	92	73	45	16	13	10	9	8
9.030	0.7274
URS000047349F_666
1000	975	964	929	877	668	535	327	301	262	211	202	128	70	45	26	24	19
12.010	0.0995
URS000005C698_666
1000	999	952	952	689	177	163	88	75	67	50	48	43	40
9.040	0.7473
URS00000517AF_666
1000	926	893	771	465	200	75	48	44	44	41	37
6.000	0.0000
URS0000816B4B_666
993	979	844	571	393	243	221	172	127	115	96	68	45	13
7.990	0.0995
URS00003A4CC9_666
954	909	899	561	470	213	205	99	82	82	79	40	39
7.050	0.2179
URS000016DEA2_666
936	883	704	704	702	370	327	293	242	86	46	37	31	29	25
9.000	0.0000
URS00001A3BB8_666
998	989	933	707	600	259	83	42	34	33	33	32
6.000	0.0000
URS00005F8F01_666
964	961	951	578	520	349	289	182	179	164	138	134	109	109	106	63
11.370	0.7022
URS0000392CDA_666
1000	1000	998	994	116	67	29	11	9	9	8	3	3
6.720	0.4490
URS00003A295A_666
1000	568	567	461	363	296	295	293	285	159	152	133	80	74	58
8.610	0.4877
URS00005C1A26_666
997	942	772	618	426	322	176	170	140	127	121	54	53	53
7.310	0.5039
URS00001BE14E_666
1000	961	932	734	628	553	264	90	55	41	36	26	26
7.000	0.0000
URS0000404164_666
1000	990	986	968	142	76	47	30	27	25	23	17	16
7.130	0.5414
URS000040D3FE_666
998	753	649	642	622	621	316	231	204	202	189	145	108
7.120	0.3250
URS00001F3095_666
991	893	873	639	578	253	223	197	138	107	85	50	42	42
7.890	0.3129
URS000033FDFC_666
999	995	981	980	897	607	145	70	63	45	20	17	14	12	11
7.580	0.5862
URS00005ABE3A_666
1000	999	991	988	591	455	416	329	174	109	102	94	75	37	26
9.630	0.6270
URS000017EF5C_666
864	763	728	660	659	636	341	332	227	217	195	194	118	89	84	76	56	38
11.900	0.3317
URS00005C0DF7_666
999	690	678	538	300	287	283	191	189	188	182	173	142
7.020	0.1400
URS00005C8AE8_666
959	953	909	519	369	357	273	221	183	162	128	113	98	86	74	73
10.050	0.4770
URS00004880BE_666
983	462	442	405	405	361	297	286	277	222	214	212	207	162	139
8.980	0.5095
URS0000048A11_666
1000	997	987	692	218	89	11	11	8	7	6	4
5.970	0.1706
URS000007CB2A_666
1000	1000	995	939	906	697	105	90	71	70	21	12	10	9	9	8
9.090	0.6648
URS0000093D11_666
1000	998	988	695	630	221	78	53	13	10	8	6
6.070	0.2551
URS00005867ED_666
990	750	476	400	389	287	220	216	155	146	141	138
6.830	0.9280
URS0000169E7F_666
1000	960	882	619	359	159	104	90	81	57	37	35
6.000	0.0000
URS00005E9F86_666
998	551	498	436	433	373	273	233	219	217	216	213	210
7.000	0.1414
URS00001AF2C0_666
1000	978	919	822	315	214	161	115	87	67	65	42	33	28
7.770	0.4208
URS00001B02E4_666
1000	939	814	449	426	289	210	209	116	107	83	80	74	58
7.970	0.1706
URS000052A6C3_666
956	891	728	710	533	402	299	290	187	171	108	81	74	71
8.780	0.5212
URS000053A0CC_666
1000	989	626	589	543	368	354	300	182	106	67	32	25	22
8.090	0.2862
URS00005520A1_666
996	989	985	466	364	172	116	52	52	42	31	30	17
7.000	0.0000
URS000056CF6C_666
1000	998	997	821	176	174	44	28	27	20	12	10
6.000	0.0000
URS000044B986_666
951	734	621	522	354	320	305	297	275	266	266	253	239	233	154	131	51	38
12.720	0.6493
URS0000264106_666
1000	952	918	902	888	886	247	55	50	43	42	28	21
7.000	0.0000
URS00001E5021_666
995	940	788	526	376	270	199	185	127	116	90	66	37	36
7.910	0.2862
URS000034098A_666
983	961	813	735	728	291	193	187	178	123	113	97	47	42	38
9.000	0.0000
